Consider the collection of all stability conditions for G.

Graph G:
[('0', '1', 'e1'), ('0', '4', 'e5'), ('0', '5', 'e6'), ('1', '2', 'e2'), ('2', '3', 'e3'), ('2', '5', 'e7'), ('3', '4', 'e4')] 

Subgraphs with maximal necklace:
1. [('0', '1', 'e1'), ('0', '4', 'e5'), ('0', '5', 'e6'), ('1', '2', 'e2'), ('2', '3', 'e3'), ('3', '4', 'e4')]
2. [('0', '1', 'e1'), ('0', '4', 'e5'), ('1', '2', 'e2'), ('2', '3', 'e3'), ('2', '5', 'e7'), ('3', '4', 'e4')]
3. [('0', '4', 'e5'), ('0', '5', 'e6'), ('1', '2', 'e2'), ('2', '3', 'e3'), ('2', '5', 'e7'), ('3', '4', 'e4')]
4. [('0', '1', 'e1'), ('0', '4', 'e5'), ('0', '5', 'e6'), ('2', '3', 'e3'), ('2', '5', 'e7'), ('3', '4', 'e4')]


We study the extensions of a fixed a cycle on the first subgraph (1.).
The order of cycles will correspond to the order of subgraphs given above.


Here is a summary of the cycles on the fixed subgraph 

Fixed cycle        count
---------------  -------
(1, 2, 3, 4, 5)       10
(1, 2, 3, 5, 4)       10
(1, 2, 4, 3, 5)       10
(1, 2, 4, 5, 3)       10
(1, 2, 5, 3, 4)       10
(1, 2, 5, 4, 3)       10
(1, 3, 2, 4, 5)       12
(1, 3, 2, 5, 4)       12
(1, 3, 4, 2, 5)       12
(1, 3, 4, 5, 2)       10
(1, 3, 5, 2, 4)       12
(1, 3, 5, 4, 2)       10
(1, 4, 2, 3, 5)       12
(1, 4, 2, 5, 3)       12
(1, 4, 3, 2, 5)       12
(1, 4, 3, 5, 2)       10
(1, 4, 5, 2, 3)       12
(1, 4, 5, 3, 2)       10
(1, 5, 2, 3, 4)       12
(1, 5, 2, 4, 3)       12
(1, 5, 3, 2, 4)       12
(1, 5, 3, 4, 2)       10
(1, 5, 4, 2, 3)       12
(1, 5, 4, 3, 2)       10


Here is the data of all stabilty conditions, of cycles on the fixed subgraph 

  Stability condition number  Fixed cycle      List of cycles for subgraphs in order
----------------------------  ---------------  --------------------------------------------------------------------
                           0  (1, 5, 4, 3, 2)  [(1, 5, 4, 3, 2), (1, 5, 4, 3, 2), (3, 4, 5, 6, 7), (3, 4, 5, 6, 7)]
                           1  (1, 5, 4, 2, 3)  [(1, 5, 4, 2, 3), (1, 5, 4, 3, 2), (3, 4, 5, 6, 7), (3, 7, 4, 5, 6)]
                           2  (1, 5, 2, 4, 3)  [(1, 5, 2, 4, 3), (1, 5, 4, 3, 2), (3, 4, 5, 6, 7), (3, 4, 7, 5, 6)]
                           3  (1, 5, 4, 2, 3)  [(1, 5, 4, 2, 3), (1, 5, 4, 2, 3), (3, 4, 5, 6, 7), (3, 6, 7, 4, 5)]
                           4  (1, 5, 2, 4, 3)  [(1, 5, 2, 4, 3), (1, 5, 4, 2, 3), (3, 4, 5, 6, 7), (3, 6, 4, 7, 5)]
                           5  (1, 5, 2, 4, 3)  [(1, 5, 2, 4, 3), (1, 5, 2, 4, 3), (3, 4, 5, 6, 7), (3, 4, 6, 7, 5)]
                           6  (1, 5, 3, 4, 2)  [(1, 5, 3, 4, 2), (1, 5, 3, 4, 2), (3, 5, 6, 7, 4), (3, 5, 6, 7, 4)]
                           7  (1, 5, 3, 2, 4)  [(1, 5, 3, 2, 4), (1, 5, 3, 4, 2), (3, 5, 6, 7, 4), (3, 5, 6, 4, 7)]
                           8  (1, 5, 2, 3, 4)  [(1, 5, 2, 3, 4), (1, 5, 3, 4, 2), (3, 5, 6, 7, 4), (3, 7, 5, 6, 4)]
                           9  (1, 5, 3, 2, 4)  [(1, 5, 3, 2, 4), (1, 5, 3, 2, 4), (3, 5, 6, 7, 4), (3, 5, 4, 6, 7)]
                          10  (1, 5, 2, 3, 4)  [(1, 5, 2, 3, 4), (1, 5, 3, 2, 4), (3, 5, 6, 7, 4), (3, 7, 5, 4, 6)]
                          11  (1, 5, 2, 3, 4)  [(1, 5, 2, 3, 4), (1, 5, 2, 3, 4), (3, 5, 6, 7, 4), (3, 6, 7, 5, 4)]
                          12  (1, 3, 5, 4, 2)  [(1, 3, 5, 4, 2), (1, 5, 4, 3, 2), (3, 7, 4, 5, 6), (3, 7, 4, 5, 6)]
                          13  (1, 3, 5, 2, 4)  [(1, 3, 5, 2, 4), (1, 5, 4, 3, 2), (3, 7, 4, 5, 6), (3, 4, 7, 5, 6)]
                          14  (1, 3, 5, 4, 2)  [(1, 3, 5, 4, 2), (1, 5, 4, 2, 3), (3, 7, 4, 5, 6), (3, 6, 7, 4, 5)]
                          15  (1, 3, 5, 2, 4)  [(1, 3, 5, 2, 4), (1, 5, 4, 2, 3), (3, 7, 4, 5, 6), (3, 6, 4, 7, 5)]
                          16  (1, 3, 5, 2, 4)  [(1, 3, 5, 2, 4), (1, 5, 2, 4, 3), (3, 7, 4, 5, 6), (3, 4, 6, 7, 5)]
                          17  (1, 4, 3, 5, 2)  [(1, 4, 3, 5, 2), (1, 5, 4, 3, 2), (3, 4, 7, 5, 6), (3, 4, 7, 5, 6)]
                          18  (1, 4, 3, 5, 2)  [(1, 4, 3, 5, 2), (1, 5, 4, 2, 3), (3, 4, 7, 5, 6), (3, 6, 4, 7, 5)]
                          19  (1, 4, 3, 5, 2)  [(1, 4, 3, 5, 2), (1, 5, 2, 4, 3), (3, 4, 7, 5, 6), (3, 4, 6, 7, 5)]
                          20  (1, 4, 5, 3, 2)  [(1, 4, 5, 3, 2), (1, 5, 3, 4, 2), (3, 5, 6, 4, 7), (3, 5, 6, 4, 7)]
                          21  (1, 4, 5, 2, 3)  [(1, 4, 5, 2, 3), (1, 5, 3, 4, 2), (3, 5, 6, 4, 7), (3, 7, 5, 6, 4)]
                          22  (1, 4, 5, 3, 2)  [(1, 4, 5, 3, 2), (1, 5, 3, 2, 4), (3, 5, 6, 4, 7), (3, 5, 4, 6, 7)]
                          23  (1, 4, 5, 2, 3)  [(1, 4, 5, 2, 3), (1, 5, 3, 2, 4), (3, 5, 6, 4, 7), (3, 7, 5, 4, 6)]
                          24  (1, 4, 5, 2, 3)  [(1, 4, 5, 2, 3), (1, 5, 2, 3, 4), (3, 5, 6, 4, 7), (3, 6, 7, 5, 4)]
                          25  (1, 3, 4, 5, 2)  [(1, 3, 4, 5, 2), (1, 5, 3, 4, 2), (3, 7, 5, 6, 4), (3, 7, 5, 6, 4)]
                          26  (1, 3, 4, 5, 2)  [(1, 3, 4, 5, 2), (1, 5, 3, 2, 4), (3, 7, 5, 6, 4), (3, 7, 5, 4, 6)]
                          27  (1, 3, 4, 5, 2)  [(1, 3, 4, 5, 2), (1, 5, 2, 3, 4), (3, 7, 5, 6, 4), (3, 6, 7, 5, 4)]
                          28  (1, 3, 5, 4, 2)  [(1, 3, 5, 4, 2), (1, 3, 5, 4, 2), (3, 6, 7, 4, 5), (3, 6, 7, 4, 5)]
                          29  (1, 3, 5, 2, 4)  [(1, 3, 5, 2, 4), (1, 3, 5, 4, 2), (3, 6, 7, 4, 5), (3, 6, 4, 7, 5)]
                          30  (1, 3, 5, 2, 4)  [(1, 3, 5, 2, 4), (1, 3, 5, 2, 4), (3, 6, 7, 4, 5), (3, 4, 6, 7, 5)]
                          31  (1, 4, 3, 5, 2)  [(1, 4, 3, 5, 2), (1, 3, 5, 4, 2), (3, 6, 4, 7, 5), (3, 6, 4, 7, 5)]
                          32  (1, 4, 3, 5, 2)  [(1, 4, 3, 5, 2), (1, 3, 5, 2, 4), (3, 6, 4, 7, 5), (3, 4, 6, 7, 5)]
                          33  (1, 4, 3, 5, 2)  [(1, 4, 3, 5, 2), (1, 4, 3, 5, 2), (3, 4, 6, 7, 5), (3, 4, 6, 7, 5)]
                          34  (1, 4, 5, 3, 2)  [(1, 4, 5, 3, 2), (1, 4, 5, 3, 2), (3, 5, 4, 6, 7), (3, 5, 4, 6, 7)]
                          35  (1, 4, 5, 2, 3)  [(1, 4, 5, 2, 3), (1, 4, 5, 3, 2), (3, 5, 4, 6, 7), (3, 7, 5, 4, 6)]
                          36  (1, 4, 5, 2, 3)  [(1, 4, 5, 2, 3), (1, 4, 5, 2, 3), (3, 5, 4, 6, 7), (3, 6, 7, 5, 4)]
                          37  (1, 3, 4, 5, 2)  [(1, 3, 4, 5, 2), (1, 4, 5, 3, 2), (3, 7, 5, 4, 6), (3, 7, 5, 4, 6)]
                          38  (1, 3, 4, 5, 2)  [(1, 3, 4, 5, 2), (1, 4, 5, 2, 3), (3, 7, 5, 4, 6), (3, 6, 7, 5, 4)]
                          39  (1, 3, 4, 5, 2)  [(1, 3, 4, 5, 2), (1, 3, 4, 5, 2), (3, 6, 7, 5, 4), (3, 6, 7, 5, 4)]
                          40  (1, 2, 5, 4, 3)  [(1, 2, 5, 4, 3), (1, 5, 4, 3, 2), (3, 4, 5, 6, 7), (3, 4, 5, 7, 6)]
                          41  (1, 2, 5, 4, 3)  [(1, 2, 5, 4, 3), (1, 5, 4, 2, 3), (3, 4, 5, 6, 7), (3, 6, 4, 5, 7)]
                          42  (1, 2, 5, 4, 3)  [(1, 2, 5, 4, 3), (1, 5, 2, 4, 3), (3, 4, 5, 6, 7), (3, 4, 6, 5, 7)]
                          43  (1, 2, 5, 3, 4)  [(1, 2, 5, 3, 4), (1, 5, 3, 4, 2), (3, 5, 6, 7, 4), (3, 5, 7, 6, 4)]
                          44  (1, 2, 5, 3, 4)  [(1, 2, 5, 3, 4), (1, 5, 3, 2, 4), (3, 5, 6, 7, 4), (3, 5, 7, 4, 6)]
                          45  (1, 2, 5, 3, 4)  [(1, 2, 5, 3, 4), (1, 5, 2, 3, 4), (3, 5, 6, 7, 4), (3, 6, 5, 7, 4)]
                          46  (1, 3, 2, 5, 4)  [(1, 3, 2, 5, 4), (1, 5, 4, 3, 2), (3, 7, 4, 5, 6), (3, 4, 5, 7, 6)]
                          47  (1, 3, 2, 5, 4)  [(1, 3, 2, 5, 4), (1, 5, 4, 2, 3), (3, 7, 4, 5, 6), (3, 6, 4, 5, 7)]
                          48  (1, 2, 3, 5, 4)  [(1, 2, 3, 5, 4), (1, 5, 4, 2, 3), (3, 7, 4, 5, 6), (3, 7, 6, 4, 5)]
                          49  (1, 3, 2, 5, 4)  [(1, 3, 2, 5, 4), (1, 5, 2, 4, 3), (3, 7, 4, 5, 6), (3, 4, 6, 5, 7)]
                          50  (1, 2, 3, 5, 4)  [(1, 2, 3, 5, 4), (1, 5, 2, 4, 3), (3, 7, 4, 5, 6), (3, 7, 4, 6, 5)]
                          51  (1, 4, 3, 2, 5)  [(1, 4, 3, 2, 5), (1, 5, 4, 3, 2), (3, 4, 7, 5, 6), (3, 4, 5, 7, 6)]
                          52  (1, 4, 3, 2, 5)  [(1, 4, 3, 2, 5), (1, 5, 4, 2, 3), (3, 4, 7, 5, 6), (3, 6, 4, 5, 7)]
                          53  (1, 4, 2, 3, 5)  [(1, 4, 2, 3, 5), (1, 5, 4, 2, 3), (3, 4, 7, 5, 6), (3, 7, 6, 4, 5)]
                          54  (1, 4, 3, 2, 5)  [(1, 4, 3, 2, 5), (1, 5, 2, 4, 3), (3, 4, 7, 5, 6), (3, 4, 6, 5, 7)]
                          55  (1, 4, 2, 3, 5)  [(1, 4, 2, 3, 5), (1, 5, 2, 4, 3), (3, 4, 7, 5, 6), (3, 7, 4, 6, 5)]
                          56  (1, 2, 4, 3, 5)  [(1, 2, 4, 3, 5), (1, 5, 2, 4, 3), (3, 4, 7, 5, 6), (3, 4, 7, 6, 5)]
                          57  (1, 4, 2, 5, 3)  [(1, 4, 2, 5, 3), (1, 5, 3, 4, 2), (3, 5, 6, 4, 7), (3, 5, 7, 6, 4)]
                          58  (1, 4, 2, 5, 3)  [(1, 4, 2, 5, 3), (1, 5, 3, 2, 4), (3, 5, 6, 4, 7), (3, 5, 7, 4, 6)]
                          59  (1, 2, 4, 5, 3)  [(1, 2, 4, 5, 3), (1, 5, 3, 2, 4), (3, 5, 6, 4, 7), (3, 5, 4, 7, 6)]
                          60  (1, 4, 2, 5, 3)  [(1, 4, 2, 5, 3), (1, 5, 2, 3, 4), (3, 5, 6, 4, 7), (3, 6, 5, 7, 4)]
                          61  (1, 2, 4, 5, 3)  [(1, 2, 4, 5, 3), (1, 5, 2, 3, 4), (3, 5, 6, 4, 7), (3, 6, 5, 4, 7)]
                          62  (1, 3, 4, 2, 5)  [(1, 3, 4, 2, 5), (1, 5, 3, 4, 2), (3, 7, 5, 6, 4), (3, 5, 7, 6, 4)]
                          63  (1, 3, 4, 2, 5)  [(1, 3, 4, 2, 5), (1, 5, 3, 2, 4), (3, 7, 5, 6, 4), (3, 5, 7, 4, 6)]
                          64  (1, 3, 2, 4, 5)  [(1, 3, 2, 4, 5), (1, 5, 3, 2, 4), (3, 7, 5, 6, 4), (3, 5, 4, 7, 6)]
                          65  (1, 3, 4, 2, 5)  [(1, 3, 4, 2, 5), (1, 5, 2, 3, 4), (3, 7, 5, 6, 4), (3, 6, 5, 7, 4)]
                          66  (1, 3, 2, 4, 5)  [(1, 3, 2, 4, 5), (1, 5, 2, 3, 4), (3, 7, 5, 6, 4), (3, 6, 5, 4, 7)]
                          67  (1, 2, 3, 4, 5)  [(1, 2, 3, 4, 5), (1, 5, 2, 3, 4), (3, 7, 5, 6, 4), (3, 7, 6, 5, 4)]
                          68  (1, 3, 2, 5, 4)  [(1, 3, 2, 5, 4), (1, 3, 5, 4, 2), (3, 6, 7, 4, 5), (3, 6, 4, 5, 7)]
                          69  (1, 2, 3, 5, 4)  [(1, 2, 3, 5, 4), (1, 3, 5, 4, 2), (3, 6, 7, 4, 5), (3, 7, 6, 4, 5)]
                          70  (1, 3, 2, 5, 4)  [(1, 3, 2, 5, 4), (1, 3, 5, 2, 4), (3, 6, 7, 4, 5), (3, 4, 6, 5, 7)]
                          71  (1, 2, 3, 5, 4)  [(1, 2, 3, 5, 4), (1, 3, 5, 2, 4), (3, 6, 7, 4, 5), (3, 7, 4, 6, 5)]
                          72  (1, 4, 3, 2, 5)  [(1, 4, 3, 2, 5), (1, 3, 5, 4, 2), (3, 6, 4, 7, 5), (3, 6, 4, 5, 7)]
                          73  (1, 4, 2, 3, 5)  [(1, 4, 2, 3, 5), (1, 3, 5, 4, 2), (3, 6, 4, 7, 5), (3, 7, 6, 4, 5)]
                          74  (1, 4, 3, 2, 5)  [(1, 4, 3, 2, 5), (1, 3, 5, 2, 4), (3, 6, 4, 7, 5), (3, 4, 6, 5, 7)]
                          75  (1, 4, 2, 3, 5)  [(1, 4, 2, 3, 5), (1, 3, 5, 2, 4), (3, 6, 4, 7, 5), (3, 7, 4, 6, 5)]
                          76  (1, 2, 4, 3, 5)  [(1, 2, 4, 3, 5), (1, 3, 5, 2, 4), (3, 6, 4, 7, 5), (3, 4, 7, 6, 5)]
                          77  (1, 4, 3, 2, 5)  [(1, 4, 3, 2, 5), (1, 4, 3, 5, 2), (3, 4, 6, 7, 5), (3, 4, 6, 5, 7)]
                          78  (1, 4, 2, 3, 5)  [(1, 4, 2, 3, 5), (1, 4, 3, 5, 2), (3, 4, 6, 7, 5), (3, 7, 4, 6, 5)]
                          79  (1, 2, 4, 3, 5)  [(1, 2, 4, 3, 5), (1, 4, 3, 5, 2), (3, 4, 6, 7, 5), (3, 4, 7, 6, 5)]
                          80  (1, 4, 2, 5, 3)  [(1, 4, 2, 5, 3), (1, 4, 5, 3, 2), (3, 5, 4, 6, 7), (3, 5, 7, 4, 6)]
                          81  (1, 2, 4, 5, 3)  [(1, 2, 4, 5, 3), (1, 4, 5, 3, 2), (3, 5, 4, 6, 7), (3, 5, 4, 7, 6)]
                          82  (1, 4, 2, 5, 3)  [(1, 4, 2, 5, 3), (1, 4, 5, 2, 3), (3, 5, 4, 6, 7), (3, 6, 5, 7, 4)]
                          83  (1, 2, 4, 5, 3)  [(1, 2, 4, 5, 3), (1, 4, 5, 2, 3), (3, 5, 4, 6, 7), (3, 6, 5, 4, 7)]
                          84  (1, 3, 4, 2, 5)  [(1, 3, 4, 2, 5), (1, 4, 5, 3, 2), (3, 7, 5, 4, 6), (3, 5, 7, 4, 6)]
                          85  (1, 3, 2, 4, 5)  [(1, 3, 2, 4, 5), (1, 4, 5, 3, 2), (3, 7, 5, 4, 6), (3, 5, 4, 7, 6)]
                          86  (1, 3, 4, 2, 5)  [(1, 3, 4, 2, 5), (1, 4, 5, 2, 3), (3, 7, 5, 4, 6), (3, 6, 5, 7, 4)]
                          87  (1, 3, 2, 4, 5)  [(1, 3, 2, 4, 5), (1, 4, 5, 2, 3), (3, 7, 5, 4, 6), (3, 6, 5, 4, 7)]
                          88  (1, 2, 3, 4, 5)  [(1, 2, 3, 4, 5), (1, 4, 5, 2, 3), (3, 7, 5, 4, 6), (3, 7, 6, 5, 4)]
                          89  (1, 3, 4, 2, 5)  [(1, 3, 4, 2, 5), (1, 3, 4, 5, 2), (3, 6, 7, 5, 4), (3, 6, 5, 7, 4)]
                          90  (1, 3, 2, 4, 5)  [(1, 3, 2, 4, 5), (1, 3, 4, 5, 2), (3, 6, 7, 5, 4), (3, 6, 5, 4, 7)]
                          91  (1, 2, 3, 4, 5)  [(1, 2, 3, 4, 5), (1, 3, 4, 5, 2), (3, 6, 7, 5, 4), (3, 7, 6, 5, 4)]
                          92  (1, 5, 4, 3, 2)  [(1, 5, 4, 3, 2), (1, 5, 4, 3, 2), (3, 4, 5, 7, 6), (3, 4, 5, 7, 6)]
                          93  (1, 5, 4, 3, 2)  [(1, 5, 4, 3, 2), (1, 5, 4, 2, 3), (3, 4, 5, 7, 6), (3, 6, 4, 5, 7)]
                          94  (1, 5, 4, 2, 3)  [(1, 5, 4, 2, 3), (1, 5, 4, 2, 3), (3, 4, 5, 7, 6), (3, 7, 6, 4, 5)]
                          95  (1, 5, 4, 3, 2)  [(1, 5, 4, 3, 2), (1, 5, 2, 4, 3), (3, 4, 5, 7, 6), (3, 4, 6, 5, 7)]
                          96  (1, 5, 4, 2, 3)  [(1, 5, 4, 2, 3), (1, 5, 2, 4, 3), (3, 4, 5, 7, 6), (3, 7, 4, 6, 5)]
                          97  (1, 5, 2, 4, 3)  [(1, 5, 2, 4, 3), (1, 5, 2, 4, 3), (3, 4, 5, 7, 6), (3, 4, 7, 6, 5)]
                          98  (1, 5, 3, 4, 2)  [(1, 5, 3, 4, 2), (1, 5, 3, 4, 2), (3, 5, 7, 6, 4), (3, 5, 7, 6, 4)]
                          99  (1, 5, 3, 4, 2)  [(1, 5, 3, 4, 2), (1, 5, 3, 2, 4), (3, 5, 7, 6, 4), (3, 5, 7, 4, 6)]
                         100  (1, 5, 3, 2, 4)  [(1, 5, 3, 2, 4), (1, 5, 3, 2, 4), (3, 5, 7, 6, 4), (3, 5, 4, 7, 6)]
                         101  (1, 5, 3, 4, 2)  [(1, 5, 3, 4, 2), (1, 5, 2, 3, 4), (3, 5, 7, 6, 4), (3, 6, 5, 7, 4)]
                         102  (1, 5, 3, 2, 4)  [(1, 5, 3, 2, 4), (1, 5, 2, 3, 4), (3, 5, 7, 6, 4), (3, 6, 5, 4, 7)]
                         103  (1, 5, 2, 3, 4)  [(1, 5, 2, 3, 4), (1, 5, 2, 3, 4), (3, 5, 7, 6, 4), (3, 7, 6, 5, 4)]
                         104  (1, 5, 4, 3, 2)  [(1, 5, 4, 3, 2), (1, 3, 5, 4, 2), (3, 6, 4, 5, 7), (3, 6, 4, 5, 7)]
                         105  (1, 5, 4, 2, 3)  [(1, 5, 4, 2, 3), (1, 3, 5, 4, 2), (3, 6, 4, 5, 7), (3, 7, 6, 4, 5)]
                         106  (1, 5, 4, 3, 2)  [(1, 5, 4, 3, 2), (1, 3, 5, 2, 4), (3, 6, 4, 5, 7), (3, 4, 6, 5, 7)]
                         107  (1, 5, 4, 2, 3)  [(1, 5, 4, 2, 3), (1, 3, 5, 2, 4), (3, 6, 4, 5, 7), (3, 7, 4, 6, 5)]
                         108  (1, 5, 2, 4, 3)  [(1, 5, 2, 4, 3), (1, 3, 5, 2, 4), (3, 6, 4, 5, 7), (3, 4, 7, 6, 5)]
                         109  (1, 5, 4, 3, 2)  [(1, 5, 4, 3, 2), (1, 4, 3, 5, 2), (3, 4, 6, 5, 7), (3, 4, 6, 5, 7)]
                         110  (1, 5, 4, 2, 3)  [(1, 5, 4, 2, 3), (1, 4, 3, 5, 2), (3, 4, 6, 5, 7), (3, 7, 4, 6, 5)]
                         111  (1, 5, 2, 4, 3)  [(1, 5, 2, 4, 3), (1, 4, 3, 5, 2), (3, 4, 6, 5, 7), (3, 4, 7, 6, 5)]
                         112  (1, 5, 3, 4, 2)  [(1, 5, 3, 4, 2), (1, 4, 5, 3, 2), (3, 5, 7, 4, 6), (3, 5, 7, 4, 6)]
                         113  (1, 5, 3, 2, 4)  [(1, 5, 3, 2, 4), (1, 4, 5, 3, 2), (3, 5, 7, 4, 6), (3, 5, 4, 7, 6)]
                         114  (1, 5, 3, 4, 2)  [(1, 5, 3, 4, 2), (1, 4, 5, 2, 3), (3, 5, 7, 4, 6), (3, 6, 5, 7, 4)]
                         115  (1, 5, 3, 2, 4)  [(1, 5, 3, 2, 4), (1, 4, 5, 2, 3), (3, 5, 7, 4, 6), (3, 6, 5, 4, 7)]
                         116  (1, 5, 2, 3, 4)  [(1, 5, 2, 3, 4), (1, 4, 5, 2, 3), (3, 5, 7, 4, 6), (3, 7, 6, 5, 4)]
                         117  (1, 5, 3, 4, 2)  [(1, 5, 3, 4, 2), (1, 3, 4, 5, 2), (3, 6, 5, 7, 4), (3, 6, 5, 7, 4)]
                         118  (1, 5, 3, 2, 4)  [(1, 5, 3, 2, 4), (1, 3, 4, 5, 2), (3, 6, 5, 7, 4), (3, 6, 5, 4, 7)]
                         119  (1, 5, 2, 3, 4)  [(1, 5, 2, 3, 4), (1, 3, 4, 5, 2), (3, 6, 5, 7, 4), (3, 7, 6, 5, 4)]
                         120  (1, 3, 5, 4, 2)  [(1, 3, 5, 4, 2), (1, 3, 5, 4, 2), (3, 7, 6, 4, 5), (3, 7, 6, 4, 5)]
                         121  (1, 3, 5, 4, 2)  [(1, 3, 5, 4, 2), (1, 3, 5, 2, 4), (3, 7, 6, 4, 5), (3, 7, 4, 6, 5)]
                         122  (1, 3, 5, 2, 4)  [(1, 3, 5, 2, 4), (1, 3, 5, 2, 4), (3, 7, 6, 4, 5), (3, 4, 7, 6, 5)]
                         123  (1, 3, 5, 4, 2)  [(1, 3, 5, 4, 2), (1, 4, 3, 5, 2), (3, 7, 4, 6, 5), (3, 7, 4, 6, 5)]
                         124  (1, 3, 5, 2, 4)  [(1, 3, 5, 2, 4), (1, 4, 3, 5, 2), (3, 7, 4, 6, 5), (3, 4, 7, 6, 5)]
                         125  (1, 4, 3, 5, 2)  [(1, 4, 3, 5, 2), (1, 4, 3, 5, 2), (3, 4, 7, 6, 5), (3, 4, 7, 6, 5)]
                         126  (1, 4, 5, 3, 2)  [(1, 4, 5, 3, 2), (1, 4, 5, 3, 2), (3, 5, 4, 7, 6), (3, 5, 4, 7, 6)]
                         127  (1, 4, 5, 3, 2)  [(1, 4, 5, 3, 2), (1, 4, 5, 2, 3), (3, 5, 4, 7, 6), (3, 6, 5, 4, 7)]
                         128  (1, 4, 5, 2, 3)  [(1, 4, 5, 2, 3), (1, 4, 5, 2, 3), (3, 5, 4, 7, 6), (3, 7, 6, 5, 4)]
                         129  (1, 4, 5, 3, 2)  [(1, 4, 5, 3, 2), (1, 3, 4, 5, 2), (3, 6, 5, 4, 7), (3, 6, 5, 4, 7)]
                         130  (1, 4, 5, 2, 3)  [(1, 4, 5, 2, 3), (1, 3, 4, 5, 2), (3, 6, 5, 4, 7), (3, 7, 6, 5, 4)]
                         131  (1, 3, 4, 5, 2)  [(1, 3, 4, 5, 2), (1, 3, 4, 5, 2), (3, 7, 6, 5, 4), (3, 7, 6, 5, 4)]
                         132  (1, 5, 4, 3, 2)  [(1, 5, 4, 3, 2), (1, 2, 5, 4, 3), (3, 4, 5, 7, 6), (3, 4, 5, 6, 7)]
                         133  (1, 5, 4, 2, 3)  [(1, 5, 4, 2, 3), (1, 2, 5, 4, 3), (3, 4, 5, 7, 6), (3, 7, 4, 5, 6)]
                         134  (1, 5, 2, 4, 3)  [(1, 5, 2, 4, 3), (1, 2, 5, 4, 3), (3, 4, 5, 7, 6), (3, 4, 7, 5, 6)]
                         135  (1, 5, 3, 4, 2)  [(1, 5, 3, 4, 2), (1, 2, 5, 3, 4), (3, 5, 7, 6, 4), (3, 5, 6, 7, 4)]
                         136  (1, 5, 3, 2, 4)  [(1, 5, 3, 2, 4), (1, 2, 5, 3, 4), (3, 5, 7, 6, 4), (3, 5, 6, 4, 7)]
                         137  (1, 5, 2, 3, 4)  [(1, 5, 2, 3, 4), (1, 2, 5, 3, 4), (3, 5, 7, 6, 4), (3, 7, 5, 6, 4)]
                         138  (1, 5, 4, 3, 2)  [(1, 5, 4, 3, 2), (1, 3, 2, 5, 4), (3, 6, 4, 5, 7), (3, 4, 5, 6, 7)]
                         139  (1, 5, 4, 2, 3)  [(1, 5, 4, 2, 3), (1, 3, 2, 5, 4), (3, 6, 4, 5, 7), (3, 7, 4, 5, 6)]
                         140  (1, 5, 2, 4, 3)  [(1, 5, 2, 4, 3), (1, 3, 2, 5, 4), (3, 6, 4, 5, 7), (3, 4, 7, 5, 6)]
                         141  (1, 5, 4, 2, 3)  [(1, 5, 4, 2, 3), (1, 2, 3, 5, 4), (3, 6, 4, 5, 7), (3, 6, 7, 4, 5)]
                         142  (1, 5, 2, 4, 3)  [(1, 5, 2, 4, 3), (1, 2, 3, 5, 4), (3, 6, 4, 5, 7), (3, 6, 4, 7, 5)]
                         143  (1, 5, 4, 3, 2)  [(1, 5, 4, 3, 2), (1, 4, 3, 2, 5), (3, 4, 6, 5, 7), (3, 4, 5, 6, 7)]
                         144  (1, 5, 4, 2, 3)  [(1, 5, 4, 2, 3), (1, 4, 3, 2, 5), (3, 4, 6, 5, 7), (3, 7, 4, 5, 6)]
                         145  (1, 5, 2, 4, 3)  [(1, 5, 2, 4, 3), (1, 4, 3, 2, 5), (3, 4, 6, 5, 7), (3, 4, 7, 5, 6)]
                         146  (1, 5, 4, 2, 3)  [(1, 5, 4, 2, 3), (1, 4, 2, 3, 5), (3, 4, 6, 5, 7), (3, 6, 7, 4, 5)]
                         147  (1, 5, 2, 4, 3)  [(1, 5, 2, 4, 3), (1, 4, 2, 3, 5), (3, 4, 6, 5, 7), (3, 6, 4, 7, 5)]
                         148  (1, 5, 2, 4, 3)  [(1, 5, 2, 4, 3), (1, 2, 4, 3, 5), (3, 4, 6, 5, 7), (3, 4, 6, 7, 5)]
                         149  (1, 5, 3, 4, 2)  [(1, 5, 3, 4, 2), (1, 4, 2, 5, 3), (3, 5, 7, 4, 6), (3, 5, 6, 7, 4)]
                         150  (1, 5, 3, 2, 4)  [(1, 5, 3, 2, 4), (1, 4, 2, 5, 3), (3, 5, 7, 4, 6), (3, 5, 6, 4, 7)]
                         151  (1, 5, 2, 3, 4)  [(1, 5, 2, 3, 4), (1, 4, 2, 5, 3), (3, 5, 7, 4, 6), (3, 7, 5, 6, 4)]
                         152  (1, 5, 3, 2, 4)  [(1, 5, 3, 2, 4), (1, 2, 4, 5, 3), (3, 5, 7, 4, 6), (3, 5, 4, 6, 7)]
                         153  (1, 5, 2, 3, 4)  [(1, 5, 2, 3, 4), (1, 2, 4, 5, 3), (3, 5, 7, 4, 6), (3, 7, 5, 4, 6)]
                         154  (1, 5, 3, 4, 2)  [(1, 5, 3, 4, 2), (1, 3, 4, 2, 5), (3, 6, 5, 7, 4), (3, 5, 6, 7, 4)]
                         155  (1, 5, 3, 2, 4)  [(1, 5, 3, 2, 4), (1, 3, 4, 2, 5), (3, 6, 5, 7, 4), (3, 5, 6, 4, 7)]
                         156  (1, 5, 2, 3, 4)  [(1, 5, 2, 3, 4), (1, 3, 4, 2, 5), (3, 6, 5, 7, 4), (3, 7, 5, 6, 4)]
                         157  (1, 5, 3, 2, 4)  [(1, 5, 3, 2, 4), (1, 3, 2, 4, 5), (3, 6, 5, 7, 4), (3, 5, 4, 6, 7)]
                         158  (1, 5, 2, 3, 4)  [(1, 5, 2, 3, 4), (1, 3, 2, 4, 5), (3, 6, 5, 7, 4), (3, 7, 5, 4, 6)]
                         159  (1, 5, 2, 3, 4)  [(1, 5, 2, 3, 4), (1, 2, 3, 4, 5), (3, 6, 5, 7, 4), (3, 6, 7, 5, 4)]
                         160  (1, 3, 5, 4, 2)  [(1, 3, 5, 4, 2), (1, 3, 2, 5, 4), (3, 7, 6, 4, 5), (3, 7, 4, 5, 6)]
                         161  (1, 3, 5, 2, 4)  [(1, 3, 5, 2, 4), (1, 3, 2, 5, 4), (3, 7, 6, 4, 5), (3, 4, 7, 5, 6)]
                         162  (1, 3, 5, 4, 2)  [(1, 3, 5, 4, 2), (1, 2, 3, 5, 4), (3, 7, 6, 4, 5), (3, 6, 7, 4, 5)]
                         163  (1, 3, 5, 2, 4)  [(1, 3, 5, 2, 4), (1, 2, 3, 5, 4), (3, 7, 6, 4, 5), (3, 6, 4, 7, 5)]
                         164  (1, 3, 5, 4, 2)  [(1, 3, 5, 4, 2), (1, 4, 3, 2, 5), (3, 7, 4, 6, 5), (3, 7, 4, 5, 6)]
                         165  (1, 3, 5, 2, 4)  [(1, 3, 5, 2, 4), (1, 4, 3, 2, 5), (3, 7, 4, 6, 5), (3, 4, 7, 5, 6)]
                         166  (1, 3, 5, 4, 2)  [(1, 3, 5, 4, 2), (1, 4, 2, 3, 5), (3, 7, 4, 6, 5), (3, 6, 7, 4, 5)]
                         167  (1, 3, 5, 2, 4)  [(1, 3, 5, 2, 4), (1, 4, 2, 3, 5), (3, 7, 4, 6, 5), (3, 6, 4, 7, 5)]
                         168  (1, 3, 5, 2, 4)  [(1, 3, 5, 2, 4), (1, 2, 4, 3, 5), (3, 7, 4, 6, 5), (3, 4, 6, 7, 5)]
                         169  (1, 4, 3, 5, 2)  [(1, 4, 3, 5, 2), (1, 4, 3, 2, 5), (3, 4, 7, 6, 5), (3, 4, 7, 5, 6)]
                         170  (1, 4, 3, 5, 2)  [(1, 4, 3, 5, 2), (1, 4, 2, 3, 5), (3, 4, 7, 6, 5), (3, 6, 4, 7, 5)]
                         171  (1, 4, 3, 5, 2)  [(1, 4, 3, 5, 2), (1, 2, 4, 3, 5), (3, 4, 7, 6, 5), (3, 4, 6, 7, 5)]
                         172  (1, 4, 5, 3, 2)  [(1, 4, 5, 3, 2), (1, 4, 2, 5, 3), (3, 5, 4, 7, 6), (3, 5, 6, 4, 7)]
                         173  (1, 4, 5, 2, 3)  [(1, 4, 5, 2, 3), (1, 4, 2, 5, 3), (3, 5, 4, 7, 6), (3, 7, 5, 6, 4)]
                         174  (1, 4, 5, 3, 2)  [(1, 4, 5, 3, 2), (1, 2, 4, 5, 3), (3, 5, 4, 7, 6), (3, 5, 4, 6, 7)]
                         175  (1, 4, 5, 2, 3)  [(1, 4, 5, 2, 3), (1, 2, 4, 5, 3), (3, 5, 4, 7, 6), (3, 7, 5, 4, 6)]
                         176  (1, 4, 5, 3, 2)  [(1, 4, 5, 3, 2), (1, 3, 4, 2, 5), (3, 6, 5, 4, 7), (3, 5, 6, 4, 7)]
                         177  (1, 4, 5, 2, 3)  [(1, 4, 5, 2, 3), (1, 3, 4, 2, 5), (3, 6, 5, 4, 7), (3, 7, 5, 6, 4)]
                         178  (1, 4, 5, 3, 2)  [(1, 4, 5, 3, 2), (1, 3, 2, 4, 5), (3, 6, 5, 4, 7), (3, 5, 4, 6, 7)]
                         179  (1, 4, 5, 2, 3)  [(1, 4, 5, 2, 3), (1, 3, 2, 4, 5), (3, 6, 5, 4, 7), (3, 7, 5, 4, 6)]
                         180  (1, 4, 5, 2, 3)  [(1, 4, 5, 2, 3), (1, 2, 3, 4, 5), (3, 6, 5, 4, 7), (3, 6, 7, 5, 4)]
                         181  (1, 3, 4, 5, 2)  [(1, 3, 4, 5, 2), (1, 3, 4, 2, 5), (3, 7, 6, 5, 4), (3, 7, 5, 6, 4)]
                         182  (1, 3, 4, 5, 2)  [(1, 3, 4, 5, 2), (1, 3, 2, 4, 5), (3, 7, 6, 5, 4), (3, 7, 5, 4, 6)]
                         183  (1, 3, 4, 5, 2)  [(1, 3, 4, 5, 2), (1, 2, 3, 4, 5), (3, 7, 6, 5, 4), (3, 6, 7, 5, 4)]
                         184  (1, 2, 5, 4, 3)  [(1, 2, 5, 4, 3), (1, 2, 5, 4, 3), (3, 4, 5, 6, 7), (3, 4, 5, 6, 7)]
                         185  (1, 2, 5, 3, 4)  [(1, 2, 5, 3, 4), (1, 2, 5, 3, 4), (3, 5, 6, 7, 4), (3, 5, 6, 7, 4)]
                         186  (1, 3, 2, 5, 4)  [(1, 3, 2, 5, 4), (1, 2, 5, 4, 3), (3, 7, 4, 5, 6), (3, 4, 5, 6, 7)]
                         187  (1, 2, 3, 5, 4)  [(1, 2, 3, 5, 4), (1, 2, 5, 4, 3), (3, 7, 4, 5, 6), (3, 7, 4, 5, 6)]
                         188  (1, 4, 3, 2, 5)  [(1, 4, 3, 2, 5), (1, 2, 5, 4, 3), (3, 4, 7, 5, 6), (3, 4, 5, 6, 7)]
                         189  (1, 4, 2, 3, 5)  [(1, 4, 2, 3, 5), (1, 2, 5, 4, 3), (3, 4, 7, 5, 6), (3, 7, 4, 5, 6)]
                         190  (1, 2, 4, 3, 5)  [(1, 2, 4, 3, 5), (1, 2, 5, 4, 3), (3, 4, 7, 5, 6), (3, 4, 7, 5, 6)]
                         191  (1, 4, 2, 5, 3)  [(1, 4, 2, 5, 3), (1, 2, 5, 3, 4), (3, 5, 6, 4, 7), (3, 5, 6, 7, 4)]
                         192  (1, 2, 4, 5, 3)  [(1, 2, 4, 5, 3), (1, 2, 5, 3, 4), (3, 5, 6, 4, 7), (3, 5, 6, 4, 7)]
                         193  (1, 3, 4, 2, 5)  [(1, 3, 4, 2, 5), (1, 2, 5, 3, 4), (3, 7, 5, 6, 4), (3, 5, 6, 7, 4)]
                         194  (1, 3, 2, 4, 5)  [(1, 3, 2, 4, 5), (1, 2, 5, 3, 4), (3, 7, 5, 6, 4), (3, 5, 6, 4, 7)]
                         195  (1, 2, 3, 4, 5)  [(1, 2, 3, 4, 5), (1, 2, 5, 3, 4), (3, 7, 5, 6, 4), (3, 7, 5, 6, 4)]
                         196  (1, 3, 2, 5, 4)  [(1, 3, 2, 5, 4), (1, 3, 2, 5, 4), (3, 6, 7, 4, 5), (3, 4, 5, 6, 7)]
                         197  (1, 2, 3, 5, 4)  [(1, 2, 3, 5, 4), (1, 3, 2, 5, 4), (3, 6, 7, 4, 5), (3, 7, 4, 5, 6)]
                         198  (1, 2, 3, 5, 4)  [(1, 2, 3, 5, 4), (1, 2, 3, 5, 4), (3, 6, 7, 4, 5), (3, 6, 7, 4, 5)]
                         199  (1, 4, 3, 2, 5)  [(1, 4, 3, 2, 5), (1, 3, 2, 5, 4), (3, 6, 4, 7, 5), (3, 4, 5, 6, 7)]
                         200  (1, 4, 2, 3, 5)  [(1, 4, 2, 3, 5), (1, 3, 2, 5, 4), (3, 6, 4, 7, 5), (3, 7, 4, 5, 6)]
                         201  (1, 2, 4, 3, 5)  [(1, 2, 4, 3, 5), (1, 3, 2, 5, 4), (3, 6, 4, 7, 5), (3, 4, 7, 5, 6)]
                         202  (1, 4, 2, 3, 5)  [(1, 4, 2, 3, 5), (1, 2, 3, 5, 4), (3, 6, 4, 7, 5), (3, 6, 7, 4, 5)]
                         203  (1, 2, 4, 3, 5)  [(1, 2, 4, 3, 5), (1, 2, 3, 5, 4), (3, 6, 4, 7, 5), (3, 6, 4, 7, 5)]
                         204  (1, 4, 3, 2, 5)  [(1, 4, 3, 2, 5), (1, 4, 3, 2, 5), (3, 4, 6, 7, 5), (3, 4, 5, 6, 7)]
                         205  (1, 4, 2, 3, 5)  [(1, 4, 2, 3, 5), (1, 4, 3, 2, 5), (3, 4, 6, 7, 5), (3, 7, 4, 5, 6)]
                         206  (1, 2, 4, 3, 5)  [(1, 2, 4, 3, 5), (1, 4, 3, 2, 5), (3, 4, 6, 7, 5), (3, 4, 7, 5, 6)]
                         207  (1, 4, 2, 3, 5)  [(1, 4, 2, 3, 5), (1, 4, 2, 3, 5), (3, 4, 6, 7, 5), (3, 6, 7, 4, 5)]
                         208  (1, 2, 4, 3, 5)  [(1, 2, 4, 3, 5), (1, 4, 2, 3, 5), (3, 4, 6, 7, 5), (3, 6, 4, 7, 5)]
                         209  (1, 2, 4, 3, 5)  [(1, 2, 4, 3, 5), (1, 2, 4, 3, 5), (3, 4, 6, 7, 5), (3, 4, 6, 7, 5)]
                         210  (1, 4, 2, 5, 3)  [(1, 4, 2, 5, 3), (1, 4, 2, 5, 3), (3, 5, 4, 6, 7), (3, 5, 6, 7, 4)]
                         211  (1, 2, 4, 5, 3)  [(1, 2, 4, 5, 3), (1, 4, 2, 5, 3), (3, 5, 4, 6, 7), (3, 5, 6, 4, 7)]
                         212  (1, 2, 4, 5, 3)  [(1, 2, 4, 5, 3), (1, 2, 4, 5, 3), (3, 5, 4, 6, 7), (3, 5, 4, 6, 7)]
                         213  (1, 3, 4, 2, 5)  [(1, 3, 4, 2, 5), (1, 4, 2, 5, 3), (3, 7, 5, 4, 6), (3, 5, 6, 7, 4)]
                         214  (1, 3, 2, 4, 5)  [(1, 3, 2, 4, 5), (1, 4, 2, 5, 3), (3, 7, 5, 4, 6), (3, 5, 6, 4, 7)]
                         215  (1, 2, 3, 4, 5)  [(1, 2, 3, 4, 5), (1, 4, 2, 5, 3), (3, 7, 5, 4, 6), (3, 7, 5, 6, 4)]
                         216  (1, 3, 2, 4, 5)  [(1, 3, 2, 4, 5), (1, 2, 4, 5, 3), (3, 7, 5, 4, 6), (3, 5, 4, 6, 7)]
                         217  (1, 2, 3, 4, 5)  [(1, 2, 3, 4, 5), (1, 2, 4, 5, 3), (3, 7, 5, 4, 6), (3, 7, 5, 4, 6)]
                         218  (1, 3, 4, 2, 5)  [(1, 3, 4, 2, 5), (1, 3, 4, 2, 5), (3, 6, 7, 5, 4), (3, 5, 6, 7, 4)]
                         219  (1, 3, 2, 4, 5)  [(1, 3, 2, 4, 5), (1, 3, 4, 2, 5), (3, 6, 7, 5, 4), (3, 5, 6, 4, 7)]
                         220  (1, 2, 3, 4, 5)  [(1, 2, 3, 4, 5), (1, 3, 4, 2, 5), (3, 6, 7, 5, 4), (3, 7, 5, 6, 4)]
                         221  (1, 3, 2, 4, 5)  [(1, 3, 2, 4, 5), (1, 3, 2, 4, 5), (3, 6, 7, 5, 4), (3, 5, 4, 6, 7)]
                         222  (1, 2, 3, 4, 5)  [(1, 2, 3, 4, 5), (1, 3, 2, 4, 5), (3, 6, 7, 5, 4), (3, 7, 5, 4, 6)]
                         223  (1, 2, 3, 4, 5)  [(1, 2, 3, 4, 5), (1, 2, 3, 4, 5), (3, 6, 7, 5, 4), (3, 6, 7, 5, 4)]
                         224  (1, 2, 5, 4, 3)  [(1, 2, 5, 4, 3), (1, 2, 5, 4, 3), (3, 4, 5, 7, 6), (3, 4, 5, 7, 6)]
                         225  (1, 2, 5, 3, 4)  [(1, 2, 5, 3, 4), (1, 2, 5, 3, 4), (3, 5, 7, 6, 4), (3, 5, 7, 6, 4)]
                         226  (1, 2, 5, 4, 3)  [(1, 2, 5, 4, 3), (1, 3, 2, 5, 4), (3, 6, 4, 5, 7), (3, 4, 5, 7, 6)]
                         227  (1, 2, 5, 4, 3)  [(1, 2, 5, 4, 3), (1, 2, 3, 5, 4), (3, 6, 4, 5, 7), (3, 6, 4, 5, 7)]
                         228  (1, 2, 5, 4, 3)  [(1, 2, 5, 4, 3), (1, 4, 3, 2, 5), (3, 4, 6, 5, 7), (3, 4, 5, 7, 6)]
                         229  (1, 2, 5, 4, 3)  [(1, 2, 5, 4, 3), (1, 4, 2, 3, 5), (3, 4, 6, 5, 7), (3, 6, 4, 5, 7)]
                         230  (1, 2, 5, 4, 3)  [(1, 2, 5, 4, 3), (1, 2, 4, 3, 5), (3, 4, 6, 5, 7), (3, 4, 6, 5, 7)]
                         231  (1, 2, 5, 3, 4)  [(1, 2, 5, 3, 4), (1, 4, 2, 5, 3), (3, 5, 7, 4, 6), (3, 5, 7, 6, 4)]
                         232  (1, 2, 5, 3, 4)  [(1, 2, 5, 3, 4), (1, 2, 4, 5, 3), (3, 5, 7, 4, 6), (3, 5, 7, 4, 6)]
                         233  (1, 2, 5, 3, 4)  [(1, 2, 5, 3, 4), (1, 3, 4, 2, 5), (3, 6, 5, 7, 4), (3, 5, 7, 6, 4)]
                         234  (1, 2, 5, 3, 4)  [(1, 2, 5, 3, 4), (1, 3, 2, 4, 5), (3, 6, 5, 7, 4), (3, 5, 7, 4, 6)]
                         235  (1, 2, 5, 3, 4)  [(1, 2, 5, 3, 4), (1, 2, 3, 4, 5), (3, 6, 5, 7, 4), (3, 6, 5, 7, 4)]
                         236  (1, 3, 2, 5, 4)  [(1, 3, 2, 5, 4), (1, 3, 2, 5, 4), (3, 7, 6, 4, 5), (3, 4, 5, 7, 6)]
                         237  (1, 3, 2, 5, 4)  [(1, 3, 2, 5, 4), (1, 2, 3, 5, 4), (3, 7, 6, 4, 5), (3, 6, 4, 5, 7)]
                         238  (1, 2, 3, 5, 4)  [(1, 2, 3, 5, 4), (1, 2, 3, 5, 4), (3, 7, 6, 4, 5), (3, 7, 6, 4, 5)]
                         239  (1, 3, 2, 5, 4)  [(1, 3, 2, 5, 4), (1, 4, 3, 2, 5), (3, 7, 4, 6, 5), (3, 4, 5, 7, 6)]
                         240  (1, 3, 2, 5, 4)  [(1, 3, 2, 5, 4), (1, 4, 2, 3, 5), (3, 7, 4, 6, 5), (3, 6, 4, 5, 7)]
                         241  (1, 2, 3, 5, 4)  [(1, 2, 3, 5, 4), (1, 4, 2, 3, 5), (3, 7, 4, 6, 5), (3, 7, 6, 4, 5)]
                         242  (1, 3, 2, 5, 4)  [(1, 3, 2, 5, 4), (1, 2, 4, 3, 5), (3, 7, 4, 6, 5), (3, 4, 6, 5, 7)]
                         243  (1, 2, 3, 5, 4)  [(1, 2, 3, 5, 4), (1, 2, 4, 3, 5), (3, 7, 4, 6, 5), (3, 7, 4, 6, 5)]
                         244  (1, 4, 3, 2, 5)  [(1, 4, 3, 2, 5), (1, 4, 3, 2, 5), (3, 4, 7, 6, 5), (3, 4, 5, 7, 6)]
                         245  (1, 4, 3, 2, 5)  [(1, 4, 3, 2, 5), (1, 4, 2, 3, 5), (3, 4, 7, 6, 5), (3, 6, 4, 5, 7)]
                         246  (1, 4, 2, 3, 5)  [(1, 4, 2, 3, 5), (1, 4, 2, 3, 5), (3, 4, 7, 6, 5), (3, 7, 6, 4, 5)]
                         247  (1, 4, 3, 2, 5)  [(1, 4, 3, 2, 5), (1, 2, 4, 3, 5), (3, 4, 7, 6, 5), (3, 4, 6, 5, 7)]
                         248  (1, 4, 2, 3, 5)  [(1, 4, 2, 3, 5), (1, 2, 4, 3, 5), (3, 4, 7, 6, 5), (3, 7, 4, 6, 5)]
                         249  (1, 2, 4, 3, 5)  [(1, 2, 4, 3, 5), (1, 2, 4, 3, 5), (3, 4, 7, 6, 5), (3, 4, 7, 6, 5)]
                         250  (1, 4, 2, 5, 3)  [(1, 4, 2, 5, 3), (1, 4, 2, 5, 3), (3, 5, 4, 7, 6), (3, 5, 7, 6, 4)]
                         251  (1, 4, 2, 5, 3)  [(1, 4, 2, 5, 3), (1, 2, 4, 5, 3), (3, 5, 4, 7, 6), (3, 5, 7, 4, 6)]
                         252  (1, 2, 4, 5, 3)  [(1, 2, 4, 5, 3), (1, 2, 4, 5, 3), (3, 5, 4, 7, 6), (3, 5, 4, 7, 6)]
                         253  (1, 4, 2, 5, 3)  [(1, 4, 2, 5, 3), (1, 3, 4, 2, 5), (3, 6, 5, 4, 7), (3, 5, 7, 6, 4)]
                         254  (1, 4, 2, 5, 3)  [(1, 4, 2, 5, 3), (1, 3, 2, 4, 5), (3, 6, 5, 4, 7), (3, 5, 7, 4, 6)]
                         255  (1, 2, 4, 5, 3)  [(1, 2, 4, 5, 3), (1, 3, 2, 4, 5), (3, 6, 5, 4, 7), (3, 5, 4, 7, 6)]
                         256  (1, 4, 2, 5, 3)  [(1, 4, 2, 5, 3), (1, 2, 3, 4, 5), (3, 6, 5, 4, 7), (3, 6, 5, 7, 4)]
                         257  (1, 2, 4, 5, 3)  [(1, 2, 4, 5, 3), (1, 2, 3, 4, 5), (3, 6, 5, 4, 7), (3, 6, 5, 4, 7)]
                         258  (1, 3, 4, 2, 5)  [(1, 3, 4, 2, 5), (1, 3, 4, 2, 5), (3, 7, 6, 5, 4), (3, 5, 7, 6, 4)]
                         259  (1, 3, 4, 2, 5)  [(1, 3, 4, 2, 5), (1, 3, 2, 4, 5), (3, 7, 6, 5, 4), (3, 5, 7, 4, 6)]
                         260  (1, 3, 2, 4, 5)  [(1, 3, 2, 4, 5), (1, 3, 2, 4, 5), (3, 7, 6, 5, 4), (3, 5, 4, 7, 6)]
                         261  (1, 3, 4, 2, 5)  [(1, 3, 4, 2, 5), (1, 2, 3, 4, 5), (3, 7, 6, 5, 4), (3, 6, 5, 7, 4)]
                         262  (1, 3, 2, 4, 5)  [(1, 3, 2, 4, 5), (1, 2, 3, 4, 5), (3, 7, 6, 5, 4), (3, 6, 5, 4, 7)]
                         263  (1, 2, 3, 4, 5)  [(1, 2, 3, 4, 5), (1, 2, 3, 4, 5), (3, 7, 6, 5, 4), (3, 7, 6, 5, 4)]
