Cycle:(1, 3, 2, 4, 5, 6)

Assignment: (tree,assignment)
(1, array([0., 0., 0., 0., 0., 0.]))
(2, array([ 0.,  0., -1.,  1.,  0.,  0.]))
(3, array([ 0.,  1., -1.,  0.,  0.,  0.]))
(4, array([0., 0., 0., 0., 0., 0.]))
(5, array([0., 0., 0., 0., 0., 0.]))(6, array([0., 0., 0., 0., 0., 0.]))(7, array([0., 0., 0., 0., 0., 0.]))(8, array([0., 0., 0., 0., 0., 0.]))(9, array([0., 0., 0., 0., 0., 0.]))(10, array([0., 0., 0., 0., 0., 0.]))(11, array([0., 0., 0., 0., 0., 0.]))(12, array([0., 0., 0., 0., 0., 0.]))(13, array([ 0.,  0., -1.,  0.,  0.,  1.]))(14, array([0., 0., 0., 0., 0., 0.]))(15, array([0., 0., 0., 0., 0., 0.]))

Line bundle multidegrees:[0. 0. 0. 0. 0. 2.][0. 0. 0. 0. 1. 1.][0. 0. 0. 1. 0. 1.][0. 0. 1. 0. 0. 1.][0. 0. 1. 0. 1. 0.][0. 0. 1. 1. 0. 0.][ 0.  1. -1.  1.  0.  1.][0. 1. 0. 0. 0. 1.][0. 1. 0. 0. 1. 0.][0. 1. 0. 1. 0. 0.][0. 1. 1. 0. 0. 0.][1. 0. 0. 0. 0. 1.][1. 0. 0. 0. 1. 0.][1. 0. 0. 1. 0. 0.][1. 0. 1. 0. 0. 0.]

Associated subcycles for subgraphs taken 
[[3, 13, 7, 10],
 [4, 8, 11, 14], 
[5, 9, 12, 15]]----------------------------------------- 


Cycle:(1, 5, 4, 3, 6, 2)
Assignment: (tree,assignment)(1, array([0., 0., 0., 0., 0., 0.]))(2, array([ 1.,  0., -1.,  0.,  0.,  0.]))(3, array([ 0.,  1., -1., -1.,  0.,  1.]))(4, array([ 0.,  1.,  0., -1., -1.,  1.]))(5, array([ 0.,  1.,  0.,  0., -1.,  0.]))(6, array([ 0.,  1., -1.,  0.,  0.,  0.]))(7, array([ 0.,  1., -1., -1.,  0.,  1.]))(8, array([ 0.,  1.,  0., -1., -1.,  1.]))(9, array([ 0.,  1.,  0.,  0., -1.,  0.]))(10, array([ 0.,  0.,  0., -1.,  0.,  1.]))(11, array([ 0.,  0.,  1., -1., -1.,  1.]))(12, array([ 0.,  0.,  1.,  0., -1.,  0.]))(13, array([ 1.,  0., -1., -1.,  0.,  1.]))(14, array([ 1.,  0.,  0., -1., -1.,  1.]))(15, array([ 1.,  0.,  0.,  0., -1.,  0.]))
Line bundle multidegrees:[ 0.  1. -1.  0.  0.  2.][ 0.  1.  0. -1.  0.  2.][ 0.  1.  0.  0. -1.  2.][0. 1. 0. 0. 0. 1.][ 0.  1.  1. -1.  0.  1.][ 0.  1.  1.  0. -1.  1.][0. 1. 1. 0. 0. 0.][1. 0. 0. 0. 0. 1.][ 1.  0.  1. -1.  0.  1.][ 1.  0.  1.  0. -1.  1.][1. 0. 1. 0. 0. 0.][ 1.  1. -1.  0.  0.  1.][ 1.  1.  0. -1.  0.  1.][ 1.  1.  0.  0. -1.  1.][1. 1. 0. 0. 0. 0.]

Associated subcycles for subgraphs taken 
[[3, 7, 13, 10],
 [4, 8, 14, 11],
 [5, 9, 15, 12]]----------------------------------------- 


The following trees can be taken as a tree of I_6 (view doc)

T1 : T10, T11, T12
T2 : T13, T14, T15
T6: T7, T8, T9

