Cycle:(1, 3, 5, 6, 4, 2)

Assignment: (tree,assignment)

(1, array([0., 0., 0., 0., 0., 0.]))
(2, array([ 1.,  0., -1.,  0.,  0.,  0.]))
(3, array([ 0.,  1., -1.,  0.,  0.,  0.]))
(4, array([ 1.,  1., -1.,  0., -1.,  0.]))
(5, array([ 0.,  1., -1.,  1., -1.,  0.]))
(6, array([ 0.,  1., -1.,  1., -1.,  0.]))
(7, array([ 0.,  1., -1.,  0.,  0.,  0.]))
(8, array([ 0.,  1., -1.,  0.,  0.,  0.]))
(9, array([ 0.,  2., -1.,  0., -1.,  0.]))
(10, array([ 0.,  1., -1.,  1., -1.,  0.]))
(11, array([ 0.,  0., -1.,  0.,  0.,  1.]))
(12, array([ 0.,  1., -1.,  0.,  0.,  0.]))
(13, array([ 0.,  1., -1.,  0., -1.,  1.]))
(14, array([ 0.,  1., -1.,  1., -1.,  0.]))

Line bundle multidegrees:

[ 0.  1. -1.  1. -1.  2.]
[ 0.  1. -1.  1.  0.  1.]
[0. 1. 0. 0. 0. 1.]
[ 0.  2. -1.  0.  0.  1.]
[ 0.  2. -1.  1. -1.  1.]
[ 0.  2. -1.  1.  0.  0.]
[0. 2. 0. 0. 0. 0.]
[1. 0. 0. 0. 0. 1.]
[ 1.  1. -1.  0.  0.  1.]
[ 1.  1. -1.  1. -1.  1.]
[ 1.  1. -1.  1.  0.  0.]
[1. 1. 0. 0. 0. 0.]
[ 1.  2. -1.  0.  0.  0.]
[ 1.  2. -1.  1. -1.  0.]
