Break divisors for G455 for this labeling of trees:

#Old assignments not the same as tablet

G1=[[0,2,0,0],[0,1,1,0],[0,1,0,1],[0,0,1,1]]
G2=[[0,0,0,2],[0,1,0,1],[0,0,1,1],[0,1,1,0]]
G3=[[0,0,0,2],[0,1,0,1],[1,0,0,1],[1,1,0,0]]
G4=[[0,2,0,0],[1,1,0,0],[0,1,0,1],[1,0,0,1]]
G5=[[0,0,0,2],[0,0,1,1],[1,0,0,1],[1,0,1,0]]
G6=[[0,2,0,0],[1,1,0,0],[0,1,1,0],[1,0,1,0]]
G7=[[0,1,1,0],[0,1,0,1],[1,0,1,0],[1,0,0,1]]
G8=[[1,1,0,0],[0,1,0,1],[1,0,1,0],[0,0,1,1]]

Cycle: (1, 3, 4, 2)


Assignment: (tree,assignment)
(1, array([0., 0., 0., 0.]))
(2, array([ 1.,  0., -1.,  0.]))
(3, array([ 0.,  1., -1.,  0.]))
(4, array([ 0.,  1., -1.,  0.]))
(5, array([ 0.,  1., -1.,  0.]))
(6, array([ 0.,  1., -1.,  0.]))
(7, array([ 0.,  1., -1.,  0.]))
(8, array([ 0.,  0., -1.,  1.]))


Line bundle multidegrees:
[ 0.  1. -1.  2.]
[0. 1. 0. 1.]
[ 0.  2. -1.  1.]
[0. 2. 0. 0.]
[1. 0. 0. 1.]
[ 1.  1. -1.  1.]
[1. 1. 0. 0.]
[ 1.  2. -1.  0.]

-------------------------------------------


Cycle: (1, 4, 2, 3)


Assignment: (tree,assignment)
(1, array([0., 0., 0., 0.]))
(2, array([ 1.,  0.,  0., -1.]))
(3, array([ 1.,  0.,  0., -1.]))
(4, array([ 0.,  1.,  0., -1.]))
(5, array([ 0.,  1.,  0., -1.]))
(6, array([ 0.,  1.,  0., -1.]))
(7, array([0., 0., 0., 0.]))
(8, array([0., 0., 0., 0.]))


Line bundle multidegrees:
[0. 1. 0. 1.]
[0. 1. 1. 0.]
[0. 2. 0. 0.]
[1. 0. 0. 1.]
[1. 0. 1. 0.]
[1. 1. 0. 0.]
[ 1.  1.  1. -1.]
[ 1.  2.  0. -1.]