Consider the collection of all stability conditions for G.

Graph G:
[('0', '1', 'e1'), ('0', '3', 'e7'), ('0', '5', 'e6'), ('1', '2', 'e2'), ('1', '4', 'e8'), ('2', '3', 'e3'), ('3', '4', 'e4'), ('4', '5', 'e5')] 

Subgraphs with maximal necklace:
1. [('0', '1', 'e1'), ('0', '5', 'e6'), ('1', '2', 'e2'), ('2', '3', 'e3'), ('3', '4', 'e4'), ('4', '5', 'e5')]
2. [('0', '3', 'e7'), ('0', '5', 'e6'), ('1', '2', 'e2'), ('1', '4', 'e8'), ('2', '3', 'e3'), ('4', '5', 'e5')]


We study the extensions of a fixed a cycle on the first subgraph (1.).
The order of cycles will correspond to the order of subgraphs given above.


Here is a summary of the cycles on the fixed subgraph 

Fixed cycle           count
------------------  -------
(1, 2, 3, 4, 5, 6)        1
(1, 2, 3, 4, 6, 5)        1
(1, 2, 3, 5, 4, 6)        3
(1, 2, 3, 5, 6, 4)        6
(1, 2, 3, 6, 4, 5)        3
(1, 2, 3, 6, 5, 4)        6
(1, 2, 4, 3, 5, 6)        3
(1, 2, 4, 3, 6, 5)        3
(1, 2, 4, 5, 3, 6)        3
(1, 2, 4, 5, 6, 3)        3
(1, 2, 4, 6, 3, 5)        3
(1, 2, 4, 6, 5, 3)        3
(1, 2, 5, 3, 4, 6)        3
(1, 2, 5, 3, 6, 4)        6
(1, 2, 5, 4, 3, 6)        4
(1, 2, 5, 4, 6, 3)        4
(1, 2, 5, 6, 3, 4)        6
(1, 2, 5, 6, 4, 3)        3
(1, 2, 6, 3, 4, 5)        3
(1, 2, 6, 3, 5, 4)        6
(1, 2, 6, 4, 3, 5)        4
(1, 2, 6, 4, 5, 3)        4
(1, 2, 6, 5, 3, 4)        6
(1, 2, 6, 5, 4, 3)        3
(1, 3, 2, 4, 5, 6)        1
(1, 3, 2, 4, 6, 5)        1
(1, 3, 2, 5, 4, 6)        3
(1, 3, 2, 5, 6, 4)        6
(1, 3, 2, 6, 4, 5)        3
(1, 3, 2, 6, 5, 4)        6
(1, 3, 4, 2, 5, 6)        3
(1, 3, 4, 2, 6, 5)        3
(1, 3, 4, 5, 2, 6)        3
(1, 3, 4, 5, 6, 2)        3
(1, 3, 4, 6, 2, 5)        3
(1, 3, 4, 6, 5, 2)        3
(1, 3, 5, 2, 4, 6)        3
(1, 3, 5, 2, 6, 4)        6
(1, 3, 5, 4, 2, 6)        4
(1, 3, 5, 4, 6, 2)        4
(1, 3, 5, 6, 2, 4)        6
(1, 3, 5, 6, 4, 2)        3
(1, 3, 6, 2, 4, 5)        3
(1, 3, 6, 2, 5, 4)        6
(1, 3, 6, 4, 2, 5)        4
(1, 3, 6, 4, 5, 2)        4
(1, 3, 6, 5, 2, 4)        6
(1, 3, 6, 5, 4, 2)        3
(1, 4, 2, 3, 5, 6)        6
(1, 4, 2, 3, 6, 5)        6
(1, 4, 2, 5, 3, 6)        6
(1, 4, 2, 5, 6, 3)        6
(1, 4, 2, 6, 3, 5)        6
(1, 4, 2, 6, 5, 3)        6
(1, 4, 3, 2, 5, 6)        6
(1, 4, 3, 2, 6, 5)        6
(1, 4, 3, 5, 2, 6)        6
(1, 4, 3, 5, 6, 2)        6
(1, 4, 3, 6, 2, 5)        6
(1, 4, 3, 6, 5, 2)        6
(1, 4, 5, 2, 3, 6)        6
(1, 4, 5, 2, 6, 3)        6
(1, 4, 5, 3, 2, 6)        6
(1, 4, 5, 3, 6, 2)        6
(1, 4, 5, 6, 2, 3)        6
(1, 4, 5, 6, 3, 2)        6
(1, 4, 6, 2, 3, 5)        6
(1, 4, 6, 2, 5, 3)        6
(1, 4, 6, 3, 2, 5)        6
(1, 4, 6, 3, 5, 2)        6
(1, 4, 6, 5, 2, 3)        6
(1, 4, 6, 5, 3, 2)        6
(1, 5, 2, 3, 4, 6)        3
(1, 5, 2, 3, 6, 4)        6
(1, 5, 2, 4, 3, 6)        4
(1, 5, 2, 4, 6, 3)        4
(1, 5, 2, 6, 3, 4)        6
(1, 5, 2, 6, 4, 3)        3
(1, 5, 3, 2, 4, 6)        3
(1, 5, 3, 2, 6, 4)        6
(1, 5, 3, 4, 2, 6)        4
(1, 5, 3, 4, 6, 2)        4
(1, 5, 3, 6, 2, 4)        6
(1, 5, 3, 6, 4, 2)        3
(1, 5, 4, 2, 3, 6)        3
(1, 5, 4, 2, 6, 3)        3
(1, 5, 4, 3, 2, 6)        3
(1, 5, 4, 3, 6, 2)        3
(1, 5, 4, 6, 2, 3)        3
(1, 5, 4, 6, 3, 2)        3
(1, 5, 6, 2, 3, 4)        6
(1, 5, 6, 2, 4, 3)        3
(1, 5, 6, 3, 2, 4)        6
(1, 5, 6, 3, 4, 2)        3
(1, 5, 6, 4, 2, 3)        1
(1, 5, 6, 4, 3, 2)        1
(1, 6, 2, 3, 4, 5)        3
(1, 6, 2, 3, 5, 4)        6
(1, 6, 2, 4, 3, 5)        4
(1, 6, 2, 4, 5, 3)        4
(1, 6, 2, 5, 3, 4)        6
(1, 6, 2, 5, 4, 3)        3
(1, 6, 3, 2, 4, 5)        3
(1, 6, 3, 2, 5, 4)        6
(1, 6, 3, 4, 2, 5)        4
(1, 6, 3, 4, 5, 2)        4
(1, 6, 3, 5, 2, 4)        6
(1, 6, 3, 5, 4, 2)        3
(1, 6, 4, 2, 3, 5)        3
(1, 6, 4, 2, 5, 3)        3
(1, 6, 4, 3, 2, 5)        3
(1, 6, 4, 3, 5, 2)        3
(1, 6, 4, 5, 2, 3)        3
(1, 6, 4, 5, 3, 2)        3
(1, 6, 5, 2, 3, 4)        6
(1, 6, 5, 2, 4, 3)        3
(1, 6, 5, 3, 2, 4)        6
(1, 6, 5, 3, 4, 2)        3
(1, 6, 5, 4, 2, 3)        1
(1, 6, 5, 4, 3, 2)        1


Here is the data of all stabilty conditions, of cycles on the fixed subgraph 

  Stability condition number  Fixed cycle         List of cycles for subgraphs in order
----------------------------  ------------------  ----------------------------------------
                           0  (1, 6, 5, 4, 3, 2)  [(1, 6, 5, 4, 3, 2), (2, 3, 7, 6, 5, 8)]
                           1  (1, 6, 4, 5, 3, 2)  [(1, 6, 4, 5, 3, 2), (2, 3, 7, 6, 8, 5)]
                           2  (1, 4, 6, 5, 3, 2)  [(1, 4, 6, 5, 3, 2), (2, 3, 7, 8, 6, 5)]
                           3  (1, 6, 4, 3, 5, 2)  [(1, 6, 4, 3, 5, 2), (2, 3, 7, 6, 8, 5)]
                           4  (1, 4, 6, 3, 5, 2)  [(1, 4, 6, 3, 5, 2), (2, 3, 7, 8, 6, 5)]
                           5  (1, 4, 3, 6, 5, 2)  [(1, 4, 3, 6, 5, 2), (2, 3, 7, 8, 6, 5)]
                           6  (1, 6, 4, 3, 2, 5)  [(1, 6, 4, 3, 2, 5), (2, 3, 7, 6, 8, 5)]
                           7  (1, 4, 6, 3, 2, 5)  [(1, 4, 6, 3, 2, 5), (2, 3, 7, 8, 6, 5)]
                           8  (1, 4, 3, 6, 2, 5)  [(1, 4, 3, 6, 2, 5), (2, 3, 7, 8, 6, 5)]
                           9  (1, 4, 3, 2, 6, 5)  [(1, 4, 3, 2, 6, 5), (2, 3, 7, 8, 6, 5)]
                          10  (1, 6, 5, 3, 4, 2)  [(1, 6, 5, 3, 4, 2), (2, 7, 6, 5, 3, 8)]
                          11  (1, 6, 3, 5, 4, 2)  [(1, 6, 3, 5, 4, 2), (2, 7, 6, 5, 3, 8)]
                          12  (1, 3, 6, 5, 4, 2)  [(1, 3, 6, 5, 4, 2), (2, 7, 6, 5, 3, 8)]
                          13  (1, 6, 5, 3, 4, 2)  [(1, 6, 5, 3, 4, 2), (2, 7, 6, 3, 5, 8)]
                          14  (1, 6, 3, 5, 4, 2)  [(1, 6, 3, 5, 4, 2), (2, 7, 6, 3, 5, 8)]
                          15  (1, 6, 3, 4, 5, 2)  [(1, 6, 3, 4, 5, 2), (2, 7, 6, 3, 8, 5)]
                          16  (1, 3, 6, 5, 4, 2)  [(1, 3, 6, 5, 4, 2), (2, 7, 6, 3, 5, 8)]
                          17  (1, 3, 6, 4, 5, 2)  [(1, 3, 6, 4, 5, 2), (2, 7, 6, 3, 8, 5)]
                          18  (1, 6, 5, 3, 4, 2)  [(1, 6, 5, 3, 4, 2), (2, 7, 3, 6, 5, 8)]
                          19  (1, 6, 3, 5, 4, 2)  [(1, 6, 3, 5, 4, 2), (2, 7, 3, 6, 5, 8)]
                          20  (1, 6, 3, 4, 5, 2)  [(1, 6, 3, 4, 5, 2), (2, 7, 3, 6, 8, 5)]
                          21  (1, 3, 6, 5, 4, 2)  [(1, 3, 6, 5, 4, 2), (2, 7, 3, 6, 5, 8)]
                          22  (1, 3, 6, 4, 5, 2)  [(1, 3, 6, 4, 5, 2), (2, 7, 3, 6, 8, 5)]
                          23  (1, 3, 4, 6, 5, 2)  [(1, 3, 4, 6, 5, 2), (2, 7, 3, 8, 6, 5)]
                          24  (1, 6, 3, 4, 2, 5)  [(1, 6, 3, 4, 2, 5), (2, 7, 6, 3, 8, 5)]
                          25  (1, 3, 6, 4, 2, 5)  [(1, 3, 6, 4, 2, 5), (2, 7, 6, 3, 8, 5)]
                          26  (1, 6, 3, 4, 2, 5)  [(1, 6, 3, 4, 2, 5), (2, 7, 3, 6, 8, 5)]
                          27  (1, 3, 6, 4, 2, 5)  [(1, 3, 6, 4, 2, 5), (2, 7, 3, 6, 8, 5)]
                          28  (1, 3, 4, 6, 2, 5)  [(1, 3, 4, 6, 2, 5), (2, 7, 3, 8, 6, 5)]
                          29  (1, 3, 4, 2, 6, 5)  [(1, 3, 4, 2, 6, 5), (2, 7, 3, 8, 6, 5)]
                          30  (1, 6, 5, 3, 2, 4)  [(1, 6, 5, 3, 2, 4), (2, 3, 8, 7, 6, 5)]
                          31  (1, 6, 3, 5, 2, 4)  [(1, 6, 3, 5, 2, 4), (2, 3, 8, 7, 6, 5)]
                          32  (1, 3, 6, 5, 2, 4)  [(1, 3, 6, 5, 2, 4), (2, 3, 8, 7, 6, 5)]
                          33  (1, 6, 3, 2, 5, 4)  [(1, 6, 3, 2, 5, 4), (2, 3, 8, 7, 6, 5)]
                          34  (1, 3, 6, 2, 5, 4)  [(1, 3, 6, 2, 5, 4), (2, 3, 8, 7, 6, 5)]
                          35  (1, 3, 2, 6, 5, 4)  [(1, 3, 2, 6, 5, 4), (2, 3, 8, 7, 6, 5)]
                          36  (1, 6, 5, 2, 4, 3)  [(1, 6, 5, 2, 4, 3), (2, 8, 3, 7, 6, 5)]
                          37  (1, 6, 2, 5, 4, 3)  [(1, 6, 2, 5, 4, 3), (2, 8, 3, 7, 6, 5)]
                          38  (1, 2, 6, 5, 4, 3)  [(1, 2, 6, 5, 4, 3), (2, 8, 3, 7, 6, 5)]
                          39  (1, 6, 5, 4, 2, 3)  [(1, 6, 5, 4, 2, 3), (2, 7, 6, 5, 8, 3)]
                          40  (1, 6, 4, 5, 2, 3)  [(1, 6, 4, 5, 2, 3), (2, 7, 6, 8, 5, 3)]
                          41  (1, 4, 6, 5, 2, 3)  [(1, 4, 6, 5, 2, 3), (2, 7, 8, 6, 5, 3)]
                          42  (1, 6, 4, 5, 2, 3)  [(1, 6, 4, 5, 2, 3), (2, 7, 6, 8, 3, 5)]
                          43  (1, 4, 6, 5, 2, 3)  [(1, 4, 6, 5, 2, 3), (2, 7, 8, 6, 3, 5)]
                          44  (1, 4, 6, 5, 2, 3)  [(1, 4, 6, 5, 2, 3), (2, 7, 8, 3, 6, 5)]
                          45  (1, 6, 4, 2, 5, 3)  [(1, 6, 4, 2, 5, 3), (2, 7, 6, 8, 5, 3)]
                          46  (1, 4, 6, 2, 5, 3)  [(1, 4, 6, 2, 5, 3), (2, 7, 8, 6, 5, 3)]
                          47  (1, 6, 4, 2, 3, 5)  [(1, 6, 4, 2, 3, 5), (2, 7, 6, 8, 5, 3)]
                          48  (1, 4, 6, 2, 3, 5)  [(1, 4, 6, 2, 3, 5), (2, 7, 8, 6, 5, 3)]
                          49  (1, 6, 4, 2, 5, 3)  [(1, 6, 4, 2, 5, 3), (2, 7, 6, 8, 3, 5)]
                          50  (1, 4, 6, 2, 5, 3)  [(1, 4, 6, 2, 5, 3), (2, 7, 8, 6, 3, 5)]
                          51  (1, 6, 4, 2, 3, 5)  [(1, 6, 4, 2, 3, 5), (2, 7, 6, 8, 3, 5)]
                          52  (1, 4, 6, 2, 3, 5)  [(1, 4, 6, 2, 3, 5), (2, 7, 8, 6, 3, 5)]
                          53  (1, 4, 6, 2, 5, 3)  [(1, 4, 6, 2, 5, 3), (2, 7, 8, 3, 6, 5)]
                          54  (1, 4, 6, 2, 3, 5)  [(1, 4, 6, 2, 3, 5), (2, 7, 8, 3, 6, 5)]
                          55  (1, 4, 2, 6, 5, 3)  [(1, 4, 2, 6, 5, 3), (2, 7, 8, 6, 5, 3)]
                          56  (1, 4, 2, 6, 3, 5)  [(1, 4, 2, 6, 3, 5), (2, 7, 8, 6, 5, 3)]
                          57  (1, 4, 2, 3, 6, 5)  [(1, 4, 2, 3, 6, 5), (2, 7, 8, 6, 5, 3)]
                          58  (1, 4, 2, 6, 5, 3)  [(1, 4, 2, 6, 5, 3), (2, 7, 8, 6, 3, 5)]
                          59  (1, 4, 2, 6, 3, 5)  [(1, 4, 2, 6, 3, 5), (2, 7, 8, 6, 3, 5)]
                          60  (1, 4, 2, 3, 6, 5)  [(1, 4, 2, 3, 6, 5), (2, 7, 8, 6, 3, 5)]
                          61  (1, 4, 2, 6, 5, 3)  [(1, 4, 2, 6, 5, 3), (2, 7, 8, 3, 6, 5)]
                          62  (1, 4, 2, 6, 3, 5)  [(1, 4, 2, 6, 3, 5), (2, 7, 8, 3, 6, 5)]
                          63  (1, 4, 2, 3, 6, 5)  [(1, 4, 2, 3, 6, 5), (2, 7, 8, 3, 6, 5)]
                          64  (1, 6, 5, 2, 3, 4)  [(1, 6, 5, 2, 3, 4), (2, 8, 7, 6, 5, 3)]
                          65  (1, 6, 5, 2, 3, 4)  [(1, 6, 5, 2, 3, 4), (2, 8, 7, 6, 3, 5)]
                          66  (1, 6, 5, 2, 3, 4)  [(1, 6, 5, 2, 3, 4), (2, 8, 7, 3, 6, 5)]
                          67  (1, 6, 2, 5, 3, 4)  [(1, 6, 2, 5, 3, 4), (2, 8, 7, 6, 5, 3)]
                          68  (1, 6, 2, 3, 5, 4)  [(1, 6, 2, 3, 5, 4), (2, 8, 7, 6, 5, 3)]
                          69  (1, 6, 2, 5, 3, 4)  [(1, 6, 2, 5, 3, 4), (2, 8, 7, 6, 3, 5)]
                          70  (1, 6, 2, 3, 5, 4)  [(1, 6, 2, 3, 5, 4), (2, 8, 7, 6, 3, 5)]
                          71  (1, 6, 2, 5, 3, 4)  [(1, 6, 2, 5, 3, 4), (2, 8, 7, 3, 6, 5)]
                          72  (1, 6, 2, 3, 5, 4)  [(1, 6, 2, 3, 5, 4), (2, 8, 7, 3, 6, 5)]
                          73  (1, 2, 6, 5, 3, 4)  [(1, 2, 6, 5, 3, 4), (2, 8, 7, 6, 5, 3)]
                          74  (1, 2, 6, 3, 5, 4)  [(1, 2, 6, 3, 5, 4), (2, 8, 7, 6, 5, 3)]
                          75  (1, 2, 3, 6, 5, 4)  [(1, 2, 3, 6, 5, 4), (2, 8, 7, 6, 5, 3)]
                          76  (1, 2, 6, 5, 3, 4)  [(1, 2, 6, 5, 3, 4), (2, 8, 7, 6, 3, 5)]
                          77  (1, 2, 6, 3, 5, 4)  [(1, 2, 6, 3, 5, 4), (2, 8, 7, 6, 3, 5)]
                          78  (1, 2, 3, 6, 5, 4)  [(1, 2, 3, 6, 5, 4), (2, 8, 7, 6, 3, 5)]
                          79  (1, 2, 6, 5, 3, 4)  [(1, 2, 6, 5, 3, 4), (2, 8, 7, 3, 6, 5)]
                          80  (1, 2, 6, 3, 5, 4)  [(1, 2, 6, 3, 5, 4), (2, 8, 7, 3, 6, 5)]
                          81  (1, 2, 3, 6, 5, 4)  [(1, 2, 3, 6, 5, 4), (2, 8, 7, 3, 6, 5)]
                          82  (1, 6, 4, 5, 3, 2)  [(1, 6, 4, 5, 3, 2), (2, 5, 3, 7, 6, 8)]
                          83  (1, 4, 6, 5, 3, 2)  [(1, 4, 6, 5, 3, 2), (2, 5, 3, 7, 8, 6)]
                          84  (1, 6, 4, 3, 5, 2)  [(1, 6, 4, 3, 5, 2), (2, 5, 3, 7, 6, 8)]
                          85  (1, 4, 6, 3, 5, 2)  [(1, 4, 6, 3, 5, 2), (2, 5, 3, 7, 8, 6)]
                          86  (1, 4, 3, 6, 5, 2)  [(1, 4, 3, 6, 5, 2), (2, 5, 3, 7, 8, 6)]
                          87  (1, 6, 4, 5, 3, 2)  [(1, 6, 4, 5, 3, 2), (2, 3, 5, 7, 6, 8)]
                          88  (1, 4, 6, 5, 3, 2)  [(1, 4, 6, 5, 3, 2), (2, 3, 5, 7, 8, 6)]
                          89  (1, 6, 4, 3, 5, 2)  [(1, 6, 4, 3, 5, 2), (2, 3, 5, 7, 6, 8)]
                          90  (1, 4, 6, 3, 5, 2)  [(1, 4, 6, 3, 5, 2), (2, 3, 5, 7, 8, 6)]
                          91  (1, 4, 3, 6, 5, 2)  [(1, 4, 3, 6, 5, 2), (2, 3, 5, 7, 8, 6)]
                          92  (1, 6, 4, 3, 2, 5)  [(1, 6, 4, 3, 2, 5), (2, 5, 3, 7, 6, 8)]
                          93  (1, 4, 6, 3, 2, 5)  [(1, 4, 6, 3, 2, 5), (2, 5, 3, 7, 8, 6)]
                          94  (1, 4, 3, 6, 2, 5)  [(1, 4, 3, 6, 2, 5), (2, 5, 3, 7, 8, 6)]
                          95  (1, 6, 4, 3, 2, 5)  [(1, 6, 4, 3, 2, 5), (2, 3, 5, 7, 6, 8)]
                          96  (1, 4, 6, 3, 2, 5)  [(1, 4, 6, 3, 2, 5), (2, 3, 5, 7, 8, 6)]
                          97  (1, 4, 3, 6, 2, 5)  [(1, 4, 3, 6, 2, 5), (2, 3, 5, 7, 8, 6)]
                          98  (1, 4, 3, 2, 6, 5)  [(1, 4, 3, 2, 6, 5), (2, 5, 3, 7, 8, 6)]
                          99  (1, 4, 3, 2, 6, 5)  [(1, 4, 3, 2, 6, 5), (2, 3, 5, 7, 8, 6)]
                         100  (1, 6, 3, 4, 5, 2)  [(1, 6, 3, 4, 5, 2), (2, 5, 7, 6, 3, 8)]
                         101  (1, 3, 6, 4, 5, 2)  [(1, 3, 6, 4, 5, 2), (2, 5, 7, 6, 3, 8)]
                         102  (1, 6, 3, 4, 5, 2)  [(1, 6, 3, 4, 5, 2), (2, 5, 7, 3, 6, 8)]
                         103  (1, 3, 6, 4, 5, 2)  [(1, 3, 6, 4, 5, 2), (2, 5, 7, 3, 6, 8)]
                         104  (1, 3, 4, 6, 5, 2)  [(1, 3, 4, 6, 5, 2), (2, 5, 7, 3, 8, 6)]
                         105  (1, 6, 3, 4, 2, 5)  [(1, 6, 3, 4, 2, 5), (2, 5, 7, 6, 3, 8)]
                         106  (1, 3, 6, 4, 2, 5)  [(1, 3, 6, 4, 2, 5), (2, 5, 7, 6, 3, 8)]
                         107  (1, 6, 3, 4, 2, 5)  [(1, 6, 3, 4, 2, 5), (2, 5, 7, 3, 6, 8)]
                         108  (1, 3, 6, 4, 2, 5)  [(1, 3, 6, 4, 2, 5), (2, 5, 7, 3, 6, 8)]
                         109  (1, 3, 4, 6, 2, 5)  [(1, 3, 4, 6, 2, 5), (2, 5, 7, 3, 8, 6)]
                         110  (1, 3, 4, 2, 6, 5)  [(1, 3, 4, 2, 6, 5), (2, 5, 7, 3, 8, 6)]
                         111  (1, 6, 5, 3, 2, 4)  [(1, 6, 5, 3, 2, 4), (2, 5, 3, 8, 7, 6)]
                         112  (1, 6, 3, 5, 2, 4)  [(1, 6, 3, 5, 2, 4), (2, 5, 3, 8, 7, 6)]
                         113  (1, 3, 6, 5, 2, 4)  [(1, 3, 6, 5, 2, 4), (2, 5, 3, 8, 7, 6)]
                         114  (1, 6, 5, 3, 2, 4)  [(1, 6, 5, 3, 2, 4), (2, 3, 5, 8, 7, 6)]
                         115  (1, 6, 3, 5, 2, 4)  [(1, 6, 3, 5, 2, 4), (2, 3, 5, 8, 7, 6)]
                         116  (1, 3, 6, 5, 2, 4)  [(1, 3, 6, 5, 2, 4), (2, 3, 5, 8, 7, 6)]
                         117  (1, 6, 3, 2, 5, 4)  [(1, 6, 3, 2, 5, 4), (2, 5, 3, 8, 7, 6)]
                         118  (1, 3, 6, 2, 5, 4)  [(1, 3, 6, 2, 5, 4), (2, 5, 3, 8, 7, 6)]
                         119  (1, 6, 3, 2, 5, 4)  [(1, 6, 3, 2, 5, 4), (2, 3, 5, 8, 7, 6)]
                         120  (1, 6, 3, 2, 4, 5)  [(1, 6, 3, 2, 4, 5), (2, 3, 8, 5, 7, 6)]
                         121  (1, 3, 6, 2, 5, 4)  [(1, 3, 6, 2, 5, 4), (2, 3, 5, 8, 7, 6)]
                         122  (1, 3, 6, 2, 4, 5)  [(1, 3, 6, 2, 4, 5), (2, 3, 8, 5, 7, 6)]
                         123  (1, 3, 2, 6, 5, 4)  [(1, 3, 2, 6, 5, 4), (2, 5, 3, 8, 7, 6)]
                         124  (1, 3, 2, 6, 5, 4)  [(1, 3, 2, 6, 5, 4), (2, 3, 5, 8, 7, 6)]
                         125  (1, 3, 2, 6, 4, 5)  [(1, 3, 2, 6, 4, 5), (2, 3, 8, 5, 7, 6)]
                         126  (1, 6, 5, 2, 4, 3)  [(1, 6, 5, 2, 4, 3), (2, 5, 8, 3, 7, 6)]
                         127  (1, 6, 2, 5, 4, 3)  [(1, 6, 2, 5, 4, 3), (2, 5, 8, 3, 7, 6)]
                         128  (1, 6, 2, 4, 5, 3)  [(1, 6, 2, 4, 5, 3), (2, 8, 5, 3, 7, 6)]
                         129  (1, 6, 2, 4, 3, 5)  [(1, 6, 2, 4, 3, 5), (2, 8, 5, 3, 7, 6)]
                         130  (1, 6, 2, 4, 5, 3)  [(1, 6, 2, 4, 5, 3), (2, 8, 3, 5, 7, 6)]
                         131  (1, 6, 2, 4, 3, 5)  [(1, 6, 2, 4, 3, 5), (2, 8, 3, 5, 7, 6)]
                         132  (1, 2, 6, 5, 4, 3)  [(1, 2, 6, 5, 4, 3), (2, 5, 8, 3, 7, 6)]
                         133  (1, 2, 6, 4, 5, 3)  [(1, 2, 6, 4, 5, 3), (2, 8, 5, 3, 7, 6)]
                         134  (1, 2, 6, 4, 3, 5)  [(1, 2, 6, 4, 3, 5), (2, 8, 5, 3, 7, 6)]
                         135  (1, 2, 6, 4, 5, 3)  [(1, 2, 6, 4, 5, 3), (2, 8, 3, 5, 7, 6)]
                         136  (1, 2, 6, 4, 3, 5)  [(1, 2, 6, 4, 3, 5), (2, 8, 3, 5, 7, 6)]
                         137  (1, 6, 4, 5, 2, 3)  [(1, 6, 4, 5, 2, 3), (2, 5, 7, 6, 8, 3)]
                         138  (1, 4, 6, 5, 2, 3)  [(1, 4, 6, 5, 2, 3), (2, 5, 7, 8, 6, 3)]
                         139  (1, 4, 6, 5, 2, 3)  [(1, 4, 6, 5, 2, 3), (2, 5, 7, 8, 3, 6)]
                         140  (1, 6, 4, 2, 5, 3)  [(1, 6, 4, 2, 5, 3), (2, 5, 7, 6, 8, 3)]
                         141  (1, 4, 6, 2, 5, 3)  [(1, 4, 6, 2, 5, 3), (2, 5, 7, 8, 6, 3)]
                         142  (1, 6, 4, 2, 3, 5)  [(1, 6, 4, 2, 3, 5), (2, 5, 7, 6, 8, 3)]
                         143  (1, 4, 6, 2, 3, 5)  [(1, 4, 6, 2, 3, 5), (2, 5, 7, 8, 6, 3)]
                         144  (1, 4, 6, 2, 5, 3)  [(1, 4, 6, 2, 5, 3), (2, 5, 7, 8, 3, 6)]
                         145  (1, 4, 6, 2, 3, 5)  [(1, 4, 6, 2, 3, 5), (2, 5, 7, 8, 3, 6)]
                         146  (1, 4, 2, 6, 5, 3)  [(1, 4, 2, 6, 5, 3), (2, 5, 7, 8, 6, 3)]
                         147  (1, 4, 2, 6, 3, 5)  [(1, 4, 2, 6, 3, 5), (2, 5, 7, 8, 6, 3)]
                         148  (1, 4, 2, 3, 6, 5)  [(1, 4, 2, 3, 6, 5), (2, 5, 7, 8, 6, 3)]
                         149  (1, 4, 2, 6, 5, 3)  [(1, 4, 2, 6, 5, 3), (2, 5, 7, 8, 3, 6)]
                         150  (1, 4, 2, 6, 3, 5)  [(1, 4, 2, 6, 3, 5), (2, 5, 7, 8, 3, 6)]
                         151  (1, 4, 2, 3, 6, 5)  [(1, 4, 2, 3, 6, 5), (2, 5, 7, 8, 3, 6)]
                         152  (1, 6, 5, 2, 3, 4)  [(1, 6, 5, 2, 3, 4), (2, 5, 8, 7, 6, 3)]
                         153  (1, 6, 5, 2, 3, 4)  [(1, 6, 5, 2, 3, 4), (2, 5, 8, 7, 3, 6)]
                         154  (1, 6, 2, 5, 3, 4)  [(1, 6, 2, 5, 3, 4), (2, 5, 8, 7, 6, 3)]
                         155  (1, 6, 2, 3, 5, 4)  [(1, 6, 2, 3, 5, 4), (2, 5, 8, 7, 6, 3)]
                         156  (1, 6, 2, 3, 4, 5)  [(1, 6, 2, 3, 4, 5), (2, 8, 5, 7, 6, 3)]
                         157  (1, 6, 2, 5, 3, 4)  [(1, 6, 2, 5, 3, 4), (2, 5, 8, 7, 3, 6)]
                         158  (1, 6, 2, 3, 5, 4)  [(1, 6, 2, 3, 5, 4), (2, 5, 8, 7, 3, 6)]
                         159  (1, 6, 2, 3, 4, 5)  [(1, 6, 2, 3, 4, 5), (2, 8, 5, 7, 3, 6)]
                         160  (1, 2, 6, 5, 3, 4)  [(1, 2, 6, 5, 3, 4), (2, 5, 8, 7, 6, 3)]
                         161  (1, 2, 6, 3, 5, 4)  [(1, 2, 6, 3, 5, 4), (2, 5, 8, 7, 6, 3)]
                         162  (1, 2, 6, 3, 4, 5)  [(1, 2, 6, 3, 4, 5), (2, 8, 5, 7, 6, 3)]
                         163  (1, 2, 3, 6, 5, 4)  [(1, 2, 3, 6, 5, 4), (2, 5, 8, 7, 6, 3)]
                         164  (1, 2, 3, 6, 4, 5)  [(1, 2, 3, 6, 4, 5), (2, 8, 5, 7, 6, 3)]
                         165  (1, 2, 6, 5, 3, 4)  [(1, 2, 6, 5, 3, 4), (2, 5, 8, 7, 3, 6)]
                         166  (1, 2, 6, 3, 5, 4)  [(1, 2, 6, 3, 5, 4), (2, 5, 8, 7, 3, 6)]
                         167  (1, 2, 6, 3, 4, 5)  [(1, 2, 6, 3, 4, 5), (2, 8, 5, 7, 3, 6)]
                         168  (1, 2, 3, 6, 5, 4)  [(1, 2, 3, 6, 5, 4), (2, 5, 8, 7, 3, 6)]
                         169  (1, 2, 3, 6, 4, 5)  [(1, 2, 3, 6, 4, 5), (2, 8, 5, 7, 3, 6)]
                         170  (1, 5, 6, 4, 3, 2)  [(1, 5, 6, 4, 3, 2), (2, 3, 7, 5, 6, 8)]
                         171  (1, 5, 4, 6, 3, 2)  [(1, 5, 4, 6, 3, 2), (2, 3, 7, 5, 8, 6)]
                         172  (1, 4, 5, 6, 3, 2)  [(1, 4, 5, 6, 3, 2), (2, 3, 7, 8, 5, 6)]
                         173  (1, 5, 4, 3, 6, 2)  [(1, 5, 4, 3, 6, 2), (2, 3, 7, 5, 8, 6)]
                         174  (1, 4, 5, 3, 6, 2)  [(1, 4, 5, 3, 6, 2), (2, 3, 7, 8, 5, 6)]
                         175  (1, 4, 3, 5, 6, 2)  [(1, 4, 3, 5, 6, 2), (2, 3, 7, 8, 5, 6)]
                         176  (1, 5, 4, 3, 2, 6)  [(1, 5, 4, 3, 2, 6), (2, 3, 7, 5, 8, 6)]
                         177  (1, 4, 5, 3, 2, 6)  [(1, 4, 5, 3, 2, 6), (2, 3, 7, 8, 5, 6)]
                         178  (1, 4, 3, 5, 2, 6)  [(1, 4, 3, 5, 2, 6), (2, 3, 7, 8, 5, 6)]
                         179  (1, 4, 3, 2, 5, 6)  [(1, 4, 3, 2, 5, 6), (2, 3, 7, 8, 5, 6)]
                         180  (1, 5, 6, 3, 4, 2)  [(1, 5, 6, 3, 4, 2), (2, 7, 5, 6, 3, 8)]
                         181  (1, 5, 3, 6, 4, 2)  [(1, 5, 3, 6, 4, 2), (2, 7, 5, 6, 3, 8)]
                         182  (1, 3, 5, 6, 4, 2)  [(1, 3, 5, 6, 4, 2), (2, 7, 5, 6, 3, 8)]
                         183  (1, 5, 6, 3, 4, 2)  [(1, 5, 6, 3, 4, 2), (2, 7, 5, 3, 6, 8)]
                         184  (1, 5, 3, 6, 4, 2)  [(1, 5, 3, 6, 4, 2), (2, 7, 5, 3, 6, 8)]
                         185  (1, 5, 3, 4, 6, 2)  [(1, 5, 3, 4, 6, 2), (2, 7, 5, 3, 8, 6)]
                         186  (1, 3, 5, 6, 4, 2)  [(1, 3, 5, 6, 4, 2), (2, 7, 5, 3, 6, 8)]
                         187  (1, 3, 5, 4, 6, 2)  [(1, 3, 5, 4, 6, 2), (2, 7, 5, 3, 8, 6)]
                         188  (1, 5, 6, 3, 4, 2)  [(1, 5, 6, 3, 4, 2), (2, 7, 3, 5, 6, 8)]
                         189  (1, 5, 3, 6, 4, 2)  [(1, 5, 3, 6, 4, 2), (2, 7, 3, 5, 6, 8)]
                         190  (1, 5, 3, 4, 6, 2)  [(1, 5, 3, 4, 6, 2), (2, 7, 3, 5, 8, 6)]
                         191  (1, 3, 5, 6, 4, 2)  [(1, 3, 5, 6, 4, 2), (2, 7, 3, 5, 6, 8)]
                         192  (1, 3, 5, 4, 6, 2)  [(1, 3, 5, 4, 6, 2), (2, 7, 3, 5, 8, 6)]
                         193  (1, 3, 4, 5, 6, 2)  [(1, 3, 4, 5, 6, 2), (2, 7, 3, 8, 5, 6)]
                         194  (1, 5, 3, 4, 2, 6)  [(1, 5, 3, 4, 2, 6), (2, 7, 5, 3, 8, 6)]
                         195  (1, 3, 5, 4, 2, 6)  [(1, 3, 5, 4, 2, 6), (2, 7, 5, 3, 8, 6)]
                         196  (1, 5, 3, 4, 2, 6)  [(1, 5, 3, 4, 2, 6), (2, 7, 3, 5, 8, 6)]
                         197  (1, 3, 5, 4, 2, 6)  [(1, 3, 5, 4, 2, 6), (2, 7, 3, 5, 8, 6)]
                         198  (1, 3, 4, 5, 2, 6)  [(1, 3, 4, 5, 2, 6), (2, 7, 3, 8, 5, 6)]
                         199  (1, 3, 4, 2, 5, 6)  [(1, 3, 4, 2, 5, 6), (2, 7, 3, 8, 5, 6)]
                         200  (1, 5, 6, 3, 2, 4)  [(1, 5, 6, 3, 2, 4), (2, 3, 8, 7, 5, 6)]
                         201  (1, 5, 3, 6, 2, 4)  [(1, 5, 3, 6, 2, 4), (2, 3, 8, 7, 5, 6)]
                         202  (1, 3, 5, 6, 2, 4)  [(1, 3, 5, 6, 2, 4), (2, 3, 8, 7, 5, 6)]
                         203  (1, 5, 3, 2, 6, 4)  [(1, 5, 3, 2, 6, 4), (2, 3, 8, 7, 5, 6)]
                         204  (1, 3, 5, 2, 6, 4)  [(1, 3, 5, 2, 6, 4), (2, 3, 8, 7, 5, 6)]
                         205  (1, 3, 2, 5, 6, 4)  [(1, 3, 2, 5, 6, 4), (2, 3, 8, 7, 5, 6)]
                         206  (1, 5, 6, 2, 4, 3)  [(1, 5, 6, 2, 4, 3), (2, 8, 3, 7, 5, 6)]
                         207  (1, 5, 2, 6, 4, 3)  [(1, 5, 2, 6, 4, 3), (2, 8, 3, 7, 5, 6)]
                         208  (1, 2, 5, 6, 4, 3)  [(1, 2, 5, 6, 4, 3), (2, 8, 3, 7, 5, 6)]
                         209  (1, 5, 6, 4, 2, 3)  [(1, 5, 6, 4, 2, 3), (2, 7, 5, 6, 8, 3)]
                         210  (1, 5, 4, 6, 2, 3)  [(1, 5, 4, 6, 2, 3), (2, 7, 5, 8, 6, 3)]
                         211  (1, 4, 5, 6, 2, 3)  [(1, 4, 5, 6, 2, 3), (2, 7, 8, 5, 6, 3)]
                         212  (1, 5, 4, 6, 2, 3)  [(1, 5, 4, 6, 2, 3), (2, 7, 5, 8, 3, 6)]
                         213  (1, 4, 5, 6, 2, 3)  [(1, 4, 5, 6, 2, 3), (2, 7, 8, 5, 3, 6)]
                         214  (1, 4, 5, 6, 2, 3)  [(1, 4, 5, 6, 2, 3), (2, 7, 8, 3, 5, 6)]
                         215  (1, 5, 4, 2, 6, 3)  [(1, 5, 4, 2, 6, 3), (2, 7, 5, 8, 6, 3)]
                         216  (1, 4, 5, 2, 6, 3)  [(1, 4, 5, 2, 6, 3), (2, 7, 8, 5, 6, 3)]
                         217  (1, 5, 4, 2, 3, 6)  [(1, 5, 4, 2, 3, 6), (2, 7, 5, 8, 6, 3)]
                         218  (1, 4, 5, 2, 3, 6)  [(1, 4, 5, 2, 3, 6), (2, 7, 8, 5, 6, 3)]
                         219  (1, 5, 4, 2, 6, 3)  [(1, 5, 4, 2, 6, 3), (2, 7, 5, 8, 3, 6)]
                         220  (1, 4, 5, 2, 6, 3)  [(1, 4, 5, 2, 6, 3), (2, 7, 8, 5, 3, 6)]
                         221  (1, 5, 4, 2, 3, 6)  [(1, 5, 4, 2, 3, 6), (2, 7, 5, 8, 3, 6)]
                         222  (1, 4, 5, 2, 3, 6)  [(1, 4, 5, 2, 3, 6), (2, 7, 8, 5, 3, 6)]
                         223  (1, 4, 5, 2, 6, 3)  [(1, 4, 5, 2, 6, 3), (2, 7, 8, 3, 5, 6)]
                         224  (1, 4, 5, 2, 3, 6)  [(1, 4, 5, 2, 3, 6), (2, 7, 8, 3, 5, 6)]
                         225  (1, 4, 2, 5, 6, 3)  [(1, 4, 2, 5, 6, 3), (2, 7, 8, 5, 6, 3)]
                         226  (1, 4, 2, 5, 3, 6)  [(1, 4, 2, 5, 3, 6), (2, 7, 8, 5, 6, 3)]
                         227  (1, 4, 2, 3, 5, 6)  [(1, 4, 2, 3, 5, 6), (2, 7, 8, 5, 6, 3)]
                         228  (1, 4, 2, 5, 6, 3)  [(1, 4, 2, 5, 6, 3), (2, 7, 8, 5, 3, 6)]
                         229  (1, 4, 2, 5, 3, 6)  [(1, 4, 2, 5, 3, 6), (2, 7, 8, 5, 3, 6)]
                         230  (1, 4, 2, 3, 5, 6)  [(1, 4, 2, 3, 5, 6), (2, 7, 8, 5, 3, 6)]
                         231  (1, 4, 2, 5, 6, 3)  [(1, 4, 2, 5, 6, 3), (2, 7, 8, 3, 5, 6)]
                         232  (1, 4, 2, 5, 3, 6)  [(1, 4, 2, 5, 3, 6), (2, 7, 8, 3, 5, 6)]
                         233  (1, 4, 2, 3, 5, 6)  [(1, 4, 2, 3, 5, 6), (2, 7, 8, 3, 5, 6)]
                         234  (1, 5, 6, 2, 3, 4)  [(1, 5, 6, 2, 3, 4), (2, 8, 7, 5, 6, 3)]
                         235  (1, 5, 6, 2, 3, 4)  [(1, 5, 6, 2, 3, 4), (2, 8, 7, 5, 3, 6)]
                         236  (1, 5, 6, 2, 3, 4)  [(1, 5, 6, 2, 3, 4), (2, 8, 7, 3, 5, 6)]
                         237  (1, 5, 2, 6, 3, 4)  [(1, 5, 2, 6, 3, 4), (2, 8, 7, 5, 6, 3)]
                         238  (1, 5, 2, 3, 6, 4)  [(1, 5, 2, 3, 6, 4), (2, 8, 7, 5, 6, 3)]
                         239  (1, 5, 2, 6, 3, 4)  [(1, 5, 2, 6, 3, 4), (2, 8, 7, 5, 3, 6)]
                         240  (1, 5, 2, 3, 6, 4)  [(1, 5, 2, 3, 6, 4), (2, 8, 7, 5, 3, 6)]
                         241  (1, 5, 2, 6, 3, 4)  [(1, 5, 2, 6, 3, 4), (2, 8, 7, 3, 5, 6)]
                         242  (1, 5, 2, 3, 6, 4)  [(1, 5, 2, 3, 6, 4), (2, 8, 7, 3, 5, 6)]
                         243  (1, 2, 5, 6, 3, 4)  [(1, 2, 5, 6, 3, 4), (2, 8, 7, 5, 6, 3)]
                         244  (1, 2, 5, 3, 6, 4)  [(1, 2, 5, 3, 6, 4), (2, 8, 7, 5, 6, 3)]
                         245  (1, 2, 3, 5, 6, 4)  [(1, 2, 3, 5, 6, 4), (2, 8, 7, 5, 6, 3)]
                         246  (1, 2, 5, 6, 3, 4)  [(1, 2, 5, 6, 3, 4), (2, 8, 7, 5, 3, 6)]
                         247  (1, 2, 5, 3, 6, 4)  [(1, 2, 5, 3, 6, 4), (2, 8, 7, 5, 3, 6)]
                         248  (1, 2, 3, 5, 6, 4)  [(1, 2, 3, 5, 6, 4), (2, 8, 7, 5, 3, 6)]
                         249  (1, 2, 5, 6, 3, 4)  [(1, 2, 5, 6, 3, 4), (2, 8, 7, 3, 5, 6)]
                         250  (1, 2, 5, 3, 6, 4)  [(1, 2, 5, 3, 6, 4), (2, 8, 7, 3, 5, 6)]
                         251  (1, 2, 3, 5, 6, 4)  [(1, 2, 3, 5, 6, 4), (2, 8, 7, 3, 5, 6)]
                         252  (1, 5, 4, 6, 3, 2)  [(1, 5, 4, 6, 3, 2), (2, 6, 3, 7, 5, 8)]
                         253  (1, 4, 5, 6, 3, 2)  [(1, 4, 5, 6, 3, 2), (2, 6, 3, 7, 8, 5)]
                         254  (1, 5, 4, 3, 6, 2)  [(1, 5, 4, 3, 6, 2), (2, 6, 3, 7, 5, 8)]
                         255  (1, 4, 5, 3, 6, 2)  [(1, 4, 5, 3, 6, 2), (2, 6, 3, 7, 8, 5)]
                         256  (1, 4, 3, 5, 6, 2)  [(1, 4, 3, 5, 6, 2), (2, 6, 3, 7, 8, 5)]
                         257  (1, 5, 4, 6, 3, 2)  [(1, 5, 4, 6, 3, 2), (2, 3, 6, 7, 5, 8)]
                         258  (1, 4, 5, 6, 3, 2)  [(1, 4, 5, 6, 3, 2), (2, 3, 6, 7, 8, 5)]
                         259  (1, 5, 4, 3, 6, 2)  [(1, 5, 4, 3, 6, 2), (2, 3, 6, 7, 5, 8)]
                         260  (1, 4, 5, 3, 6, 2)  [(1, 4, 5, 3, 6, 2), (2, 3, 6, 7, 8, 5)]
                         261  (1, 4, 3, 5, 6, 2)  [(1, 4, 3, 5, 6, 2), (2, 3, 6, 7, 8, 5)]
                         262  (1, 5, 4, 3, 2, 6)  [(1, 5, 4, 3, 2, 6), (2, 6, 3, 7, 5, 8)]
                         263  (1, 4, 5, 3, 2, 6)  [(1, 4, 5, 3, 2, 6), (2, 6, 3, 7, 8, 5)]
                         264  (1, 4, 3, 5, 2, 6)  [(1, 4, 3, 5, 2, 6), (2, 6, 3, 7, 8, 5)]
                         265  (1, 5, 4, 3, 2, 6)  [(1, 5, 4, 3, 2, 6), (2, 3, 6, 7, 5, 8)]
                         266  (1, 4, 5, 3, 2, 6)  [(1, 4, 5, 3, 2, 6), (2, 3, 6, 7, 8, 5)]
                         267  (1, 4, 3, 5, 2, 6)  [(1, 4, 3, 5, 2, 6), (2, 3, 6, 7, 8, 5)]
                         268  (1, 4, 3, 2, 5, 6)  [(1, 4, 3, 2, 5, 6), (2, 6, 3, 7, 8, 5)]
                         269  (1, 4, 3, 2, 5, 6)  [(1, 4, 3, 2, 5, 6), (2, 3, 6, 7, 8, 5)]
                         270  (1, 5, 3, 4, 6, 2)  [(1, 5, 3, 4, 6, 2), (2, 6, 7, 5, 3, 8)]
                         271  (1, 3, 5, 4, 6, 2)  [(1, 3, 5, 4, 6, 2), (2, 6, 7, 5, 3, 8)]
                         272  (1, 5, 3, 4, 6, 2)  [(1, 5, 3, 4, 6, 2), (2, 6, 7, 3, 5, 8)]
                         273  (1, 3, 5, 4, 6, 2)  [(1, 3, 5, 4, 6, 2), (2, 6, 7, 3, 5, 8)]
                         274  (1, 3, 4, 5, 6, 2)  [(1, 3, 4, 5, 6, 2), (2, 6, 7, 3, 8, 5)]
                         275  (1, 5, 3, 4, 2, 6)  [(1, 5, 3, 4, 2, 6), (2, 6, 7, 5, 3, 8)]
                         276  (1, 3, 5, 4, 2, 6)  [(1, 3, 5, 4, 2, 6), (2, 6, 7, 5, 3, 8)]
                         277  (1, 5, 3, 4, 2, 6)  [(1, 5, 3, 4, 2, 6), (2, 6, 7, 3, 5, 8)]
                         278  (1, 3, 5, 4, 2, 6)  [(1, 3, 5, 4, 2, 6), (2, 6, 7, 3, 5, 8)]
                         279  (1, 3, 4, 5, 2, 6)  [(1, 3, 4, 5, 2, 6), (2, 6, 7, 3, 8, 5)]
                         280  (1, 3, 4, 2, 5, 6)  [(1, 3, 4, 2, 5, 6), (2, 6, 7, 3, 8, 5)]
                         281  (1, 5, 6, 3, 2, 4)  [(1, 5, 6, 3, 2, 4), (2, 6, 3, 8, 7, 5)]
                         282  (1, 5, 3, 6, 2, 4)  [(1, 5, 3, 6, 2, 4), (2, 6, 3, 8, 7, 5)]
                         283  (1, 3, 5, 6, 2, 4)  [(1, 3, 5, 6, 2, 4), (2, 6, 3, 8, 7, 5)]
                         284  (1, 5, 6, 3, 2, 4)  [(1, 5, 6, 3, 2, 4), (2, 3, 6, 8, 7, 5)]
                         285  (1, 5, 3, 6, 2, 4)  [(1, 5, 3, 6, 2, 4), (2, 3, 6, 8, 7, 5)]
                         286  (1, 3, 5, 6, 2, 4)  [(1, 3, 5, 6, 2, 4), (2, 3, 6, 8, 7, 5)]
                         287  (1, 5, 3, 2, 6, 4)  [(1, 5, 3, 2, 6, 4), (2, 6, 3, 8, 7, 5)]
                         288  (1, 3, 5, 2, 6, 4)  [(1, 3, 5, 2, 6, 4), (2, 6, 3, 8, 7, 5)]
                         289  (1, 5, 3, 2, 6, 4)  [(1, 5, 3, 2, 6, 4), (2, 3, 6, 8, 7, 5)]
                         290  (1, 5, 3, 2, 4, 6)  [(1, 5, 3, 2, 4, 6), (2, 3, 8, 6, 7, 5)]
                         291  (1, 3, 5, 2, 6, 4)  [(1, 3, 5, 2, 6, 4), (2, 3, 6, 8, 7, 5)]
                         292  (1, 3, 5, 2, 4, 6)  [(1, 3, 5, 2, 4, 6), (2, 3, 8, 6, 7, 5)]
                         293  (1, 3, 2, 5, 6, 4)  [(1, 3, 2, 5, 6, 4), (2, 6, 3, 8, 7, 5)]
                         294  (1, 3, 2, 5, 6, 4)  [(1, 3, 2, 5, 6, 4), (2, 3, 6, 8, 7, 5)]
                         295  (1, 3, 2, 5, 4, 6)  [(1, 3, 2, 5, 4, 6), (2, 3, 8, 6, 7, 5)]
                         296  (1, 5, 6, 2, 4, 3)  [(1, 5, 6, 2, 4, 3), (2, 6, 8, 3, 7, 5)]
                         297  (1, 5, 2, 6, 4, 3)  [(1, 5, 2, 6, 4, 3), (2, 6, 8, 3, 7, 5)]
                         298  (1, 5, 2, 4, 6, 3)  [(1, 5, 2, 4, 6, 3), (2, 8, 6, 3, 7, 5)]
                         299  (1, 5, 2, 4, 3, 6)  [(1, 5, 2, 4, 3, 6), (2, 8, 6, 3, 7, 5)]
                         300  (1, 5, 2, 4, 6, 3)  [(1, 5, 2, 4, 6, 3), (2, 8, 3, 6, 7, 5)]
                         301  (1, 5, 2, 4, 3, 6)  [(1, 5, 2, 4, 3, 6), (2, 8, 3, 6, 7, 5)]
                         302  (1, 2, 5, 6, 4, 3)  [(1, 2, 5, 6, 4, 3), (2, 6, 8, 3, 7, 5)]
                         303  (1, 2, 5, 4, 6, 3)  [(1, 2, 5, 4, 6, 3), (2, 8, 6, 3, 7, 5)]
                         304  (1, 2, 5, 4, 3, 6)  [(1, 2, 5, 4, 3, 6), (2, 8, 6, 3, 7, 5)]
                         305  (1, 2, 5, 4, 6, 3)  [(1, 2, 5, 4, 6, 3), (2, 8, 3, 6, 7, 5)]
                         306  (1, 2, 5, 4, 3, 6)  [(1, 2, 5, 4, 3, 6), (2, 8, 3, 6, 7, 5)]
                         307  (1, 5, 4, 6, 2, 3)  [(1, 5, 4, 6, 2, 3), (2, 6, 7, 5, 8, 3)]
                         308  (1, 4, 5, 6, 2, 3)  [(1, 4, 5, 6, 2, 3), (2, 6, 7, 8, 5, 3)]
                         309  (1, 4, 5, 6, 2, 3)  [(1, 4, 5, 6, 2, 3), (2, 6, 7, 8, 3, 5)]
                         310  (1, 5, 4, 2, 6, 3)  [(1, 5, 4, 2, 6, 3), (2, 6, 7, 5, 8, 3)]
                         311  (1, 4, 5, 2, 6, 3)  [(1, 4, 5, 2, 6, 3), (2, 6, 7, 8, 5, 3)]
                         312  (1, 5, 4, 2, 3, 6)  [(1, 5, 4, 2, 3, 6), (2, 6, 7, 5, 8, 3)]
                         313  (1, 4, 5, 2, 3, 6)  [(1, 4, 5, 2, 3, 6), (2, 6, 7, 8, 5, 3)]
                         314  (1, 4, 5, 2, 6, 3)  [(1, 4, 5, 2, 6, 3), (2, 6, 7, 8, 3, 5)]
                         315  (1, 4, 5, 2, 3, 6)  [(1, 4, 5, 2, 3, 6), (2, 6, 7, 8, 3, 5)]
                         316  (1, 4, 2, 5, 6, 3)  [(1, 4, 2, 5, 6, 3), (2, 6, 7, 8, 5, 3)]
                         317  (1, 4, 2, 5, 3, 6)  [(1, 4, 2, 5, 3, 6), (2, 6, 7, 8, 5, 3)]
                         318  (1, 4, 2, 3, 5, 6)  [(1, 4, 2, 3, 5, 6), (2, 6, 7, 8, 5, 3)]
                         319  (1, 4, 2, 5, 6, 3)  [(1, 4, 2, 5, 6, 3), (2, 6, 7, 8, 3, 5)]
                         320  (1, 4, 2, 5, 3, 6)  [(1, 4, 2, 5, 3, 6), (2, 6, 7, 8, 3, 5)]
                         321  (1, 4, 2, 3, 5, 6)  [(1, 4, 2, 3, 5, 6), (2, 6, 7, 8, 3, 5)]
                         322  (1, 5, 6, 2, 3, 4)  [(1, 5, 6, 2, 3, 4), (2, 6, 8, 7, 5, 3)]
                         323  (1, 5, 6, 2, 3, 4)  [(1, 5, 6, 2, 3, 4), (2, 6, 8, 7, 3, 5)]
                         324  (1, 5, 2, 6, 3, 4)  [(1, 5, 2, 6, 3, 4), (2, 6, 8, 7, 5, 3)]
                         325  (1, 5, 2, 3, 6, 4)  [(1, 5, 2, 3, 6, 4), (2, 6, 8, 7, 5, 3)]
                         326  (1, 5, 2, 3, 4, 6)  [(1, 5, 2, 3, 4, 6), (2, 8, 6, 7, 5, 3)]
                         327  (1, 5, 2, 6, 3, 4)  [(1, 5, 2, 6, 3, 4), (2, 6, 8, 7, 3, 5)]
                         328  (1, 5, 2, 3, 6, 4)  [(1, 5, 2, 3, 6, 4), (2, 6, 8, 7, 3, 5)]
                         329  (1, 5, 2, 3, 4, 6)  [(1, 5, 2, 3, 4, 6), (2, 8, 6, 7, 3, 5)]
                         330  (1, 2, 5, 6, 3, 4)  [(1, 2, 5, 6, 3, 4), (2, 6, 8, 7, 5, 3)]
                         331  (1, 2, 5, 3, 6, 4)  [(1, 2, 5, 3, 6, 4), (2, 6, 8, 7, 5, 3)]
                         332  (1, 2, 5, 3, 4, 6)  [(1, 2, 5, 3, 4, 6), (2, 8, 6, 7, 5, 3)]
                         333  (1, 2, 3, 5, 6, 4)  [(1, 2, 3, 5, 6, 4), (2, 6, 8, 7, 5, 3)]
                         334  (1, 2, 3, 5, 4, 6)  [(1, 2, 3, 5, 4, 6), (2, 8, 6, 7, 5, 3)]
                         335  (1, 2, 5, 6, 3, 4)  [(1, 2, 5, 6, 3, 4), (2, 6, 8, 7, 3, 5)]
                         336  (1, 2, 5, 3, 6, 4)  [(1, 2, 5, 3, 6, 4), (2, 6, 8, 7, 3, 5)]
                         337  (1, 2, 5, 3, 4, 6)  [(1, 2, 5, 3, 4, 6), (2, 8, 6, 7, 3, 5)]
                         338  (1, 2, 3, 5, 6, 4)  [(1, 2, 3, 5, 6, 4), (2, 6, 8, 7, 3, 5)]
                         339  (1, 2, 3, 5, 4, 6)  [(1, 2, 3, 5, 4, 6), (2, 8, 6, 7, 3, 5)]
                         340  (1, 4, 6, 5, 3, 2)  [(1, 4, 6, 5, 3, 2), (2, 6, 5, 3, 7, 8)]
                         341  (1, 4, 6, 3, 5, 2)  [(1, 4, 6, 3, 5, 2), (2, 6, 5, 3, 7, 8)]
                         342  (1, 4, 3, 6, 5, 2)  [(1, 4, 3, 6, 5, 2), (2, 6, 5, 3, 7, 8)]
                         343  (1, 4, 6, 5, 3, 2)  [(1, 4, 6, 5, 3, 2), (2, 6, 3, 5, 7, 8)]
                         344  (1, 4, 6, 3, 5, 2)  [(1, 4, 6, 3, 5, 2), (2, 6, 3, 5, 7, 8)]
                         345  (1, 4, 3, 6, 5, 2)  [(1, 4, 3, 6, 5, 2), (2, 6, 3, 5, 7, 8)]
                         346  (1, 4, 6, 5, 3, 2)  [(1, 4, 6, 5, 3, 2), (2, 3, 6, 5, 7, 8)]
                         347  (1, 4, 6, 3, 5, 2)  [(1, 4, 6, 3, 5, 2), (2, 3, 6, 5, 7, 8)]
                         348  (1, 4, 3, 6, 5, 2)  [(1, 4, 3, 6, 5, 2), (2, 3, 6, 5, 7, 8)]
                         349  (1, 4, 6, 3, 2, 5)  [(1, 4, 6, 3, 2, 5), (2, 6, 5, 3, 7, 8)]
                         350  (1, 4, 3, 6, 2, 5)  [(1, 4, 3, 6, 2, 5), (2, 6, 5, 3, 7, 8)]
                         351  (1, 4, 6, 3, 2, 5)  [(1, 4, 6, 3, 2, 5), (2, 6, 3, 5, 7, 8)]
                         352  (1, 4, 3, 6, 2, 5)  [(1, 4, 3, 6, 2, 5), (2, 6, 3, 5, 7, 8)]
                         353  (1, 4, 6, 3, 2, 5)  [(1, 4, 6, 3, 2, 5), (2, 3, 6, 5, 7, 8)]
                         354  (1, 4, 3, 6, 2, 5)  [(1, 4, 3, 6, 2, 5), (2, 3, 6, 5, 7, 8)]
                         355  (1, 4, 3, 2, 6, 5)  [(1, 4, 3, 2, 6, 5), (2, 6, 5, 3, 7, 8)]
                         356  (1, 4, 3, 2, 6, 5)  [(1, 4, 3, 2, 6, 5), (2, 6, 3, 5, 7, 8)]
                         357  (1, 4, 3, 2, 6, 5)  [(1, 4, 3, 2, 6, 5), (2, 3, 6, 5, 7, 8)]
                         358  (1, 3, 4, 6, 5, 2)  [(1, 3, 4, 6, 5, 2), (2, 6, 5, 7, 3, 8)]
                         359  (1, 3, 4, 6, 2, 5)  [(1, 3, 4, 6, 2, 5), (2, 6, 5, 7, 3, 8)]
                         360  (1, 3, 4, 2, 6, 5)  [(1, 3, 4, 2, 6, 5), (2, 6, 5, 7, 3, 8)]
                         361  (1, 6, 5, 3, 2, 4)  [(1, 6, 5, 3, 2, 4), (2, 6, 5, 3, 8, 7)]
                         362  (1, 6, 3, 5, 2, 4)  [(1, 6, 3, 5, 2, 4), (2, 6, 5, 3, 8, 7)]
                         363  (1, 3, 6, 5, 2, 4)  [(1, 3, 6, 5, 2, 4), (2, 6, 5, 3, 8, 7)]
                         364  (1, 6, 5, 3, 2, 4)  [(1, 6, 5, 3, 2, 4), (2, 6, 3, 5, 8, 7)]
                         365  (1, 6, 3, 5, 2, 4)  [(1, 6, 3, 5, 2, 4), (2, 6, 3, 5, 8, 7)]
                         366  (1, 3, 6, 5, 2, 4)  [(1, 3, 6, 5, 2, 4), (2, 6, 3, 5, 8, 7)]
                         367  (1, 6, 5, 3, 2, 4)  [(1, 6, 5, 3, 2, 4), (2, 3, 6, 5, 8, 7)]
                         368  (1, 6, 3, 5, 2, 4)  [(1, 6, 3, 5, 2, 4), (2, 3, 6, 5, 8, 7)]
                         369  (1, 3, 6, 5, 2, 4)  [(1, 3, 6, 5, 2, 4), (2, 3, 6, 5, 8, 7)]
                         370  (1, 6, 3, 2, 5, 4)  [(1, 6, 3, 2, 5, 4), (2, 6, 5, 3, 8, 7)]
                         371  (1, 3, 6, 2, 5, 4)  [(1, 3, 6, 2, 5, 4), (2, 6, 5, 3, 8, 7)]
                         372  (1, 6, 3, 2, 5, 4)  [(1, 6, 3, 2, 5, 4), (2, 6, 3, 5, 8, 7)]
                         373  (1, 6, 3, 2, 4, 5)  [(1, 6, 3, 2, 4, 5), (2, 6, 3, 8, 5, 7)]
                         374  (1, 3, 6, 2, 5, 4)  [(1, 3, 6, 2, 5, 4), (2, 6, 3, 5, 8, 7)]
                         375  (1, 3, 6, 2, 4, 5)  [(1, 3, 6, 2, 4, 5), (2, 6, 3, 8, 5, 7)]
                         376  (1, 6, 3, 2, 5, 4)  [(1, 6, 3, 2, 5, 4), (2, 3, 6, 5, 8, 7)]
                         377  (1, 6, 3, 2, 4, 5)  [(1, 6, 3, 2, 4, 5), (2, 3, 6, 8, 5, 7)]
                         378  (1, 3, 6, 2, 5, 4)  [(1, 3, 6, 2, 5, 4), (2, 3, 6, 5, 8, 7)]
                         379  (1, 3, 6, 2, 4, 5)  [(1, 3, 6, 2, 4, 5), (2, 3, 6, 8, 5, 7)]
                         380  (1, 3, 2, 6, 5, 4)  [(1, 3, 2, 6, 5, 4), (2, 6, 5, 3, 8, 7)]
                         381  (1, 3, 2, 6, 5, 4)  [(1, 3, 2, 6, 5, 4), (2, 6, 3, 5, 8, 7)]
                         382  (1, 3, 2, 6, 4, 5)  [(1, 3, 2, 6, 4, 5), (2, 6, 3, 8, 5, 7)]
                         383  (1, 3, 2, 6, 5, 4)  [(1, 3, 2, 6, 5, 4), (2, 3, 6, 5, 8, 7)]
                         384  (1, 3, 2, 6, 4, 5)  [(1, 3, 2, 6, 4, 5), (2, 3, 6, 8, 5, 7)]
                         385  (1, 3, 2, 4, 6, 5)  [(1, 3, 2, 4, 6, 5), (2, 3, 8, 6, 5, 7)]
                         386  (1, 6, 5, 2, 4, 3)  [(1, 6, 5, 2, 4, 3), (2, 6, 5, 8, 3, 7)]
                         387  (1, 6, 2, 5, 4, 3)  [(1, 6, 2, 5, 4, 3), (2, 6, 5, 8, 3, 7)]
                         388  (1, 6, 2, 4, 5, 3)  [(1, 6, 2, 4, 5, 3), (2, 6, 8, 5, 3, 7)]
                         389  (1, 6, 2, 4, 3, 5)  [(1, 6, 2, 4, 3, 5), (2, 6, 8, 5, 3, 7)]
                         390  (1, 6, 2, 4, 5, 3)  [(1, 6, 2, 4, 5, 3), (2, 6, 8, 3, 5, 7)]
                         391  (1, 6, 2, 4, 3, 5)  [(1, 6, 2, 4, 3, 5), (2, 6, 8, 3, 5, 7)]
                         392  (1, 2, 6, 5, 4, 3)  [(1, 2, 6, 5, 4, 3), (2, 6, 5, 8, 3, 7)]
                         393  (1, 2, 6, 4, 5, 3)  [(1, 2, 6, 4, 5, 3), (2, 6, 8, 5, 3, 7)]
                         394  (1, 2, 4, 6, 5, 3)  [(1, 2, 4, 6, 5, 3), (2, 8, 6, 5, 3, 7)]
                         395  (1, 2, 6, 4, 3, 5)  [(1, 2, 6, 4, 3, 5), (2, 6, 8, 5, 3, 7)]
                         396  (1, 2, 4, 6, 3, 5)  [(1, 2, 4, 6, 3, 5), (2, 8, 6, 5, 3, 7)]
                         397  (1, 2, 4, 3, 6, 5)  [(1, 2, 4, 3, 6, 5), (2, 8, 6, 5, 3, 7)]
                         398  (1, 2, 6, 4, 5, 3)  [(1, 2, 6, 4, 5, 3), (2, 6, 8, 3, 5, 7)]
                         399  (1, 2, 4, 6, 5, 3)  [(1, 2, 4, 6, 5, 3), (2, 8, 6, 3, 5, 7)]
                         400  (1, 2, 6, 4, 3, 5)  [(1, 2, 6, 4, 3, 5), (2, 6, 8, 3, 5, 7)]
                         401  (1, 2, 4, 6, 3, 5)  [(1, 2, 4, 6, 3, 5), (2, 8, 6, 3, 5, 7)]
                         402  (1, 2, 4, 3, 6, 5)  [(1, 2, 4, 3, 6, 5), (2, 8, 6, 3, 5, 7)]
                         403  (1, 2, 4, 6, 5, 3)  [(1, 2, 4, 6, 5, 3), (2, 8, 3, 6, 5, 7)]
                         404  (1, 2, 4, 6, 3, 5)  [(1, 2, 4, 6, 3, 5), (2, 8, 3, 6, 5, 7)]
                         405  (1, 2, 4, 3, 6, 5)  [(1, 2, 4, 3, 6, 5), (2, 8, 3, 6, 5, 7)]
                         406  (1, 4, 6, 5, 2, 3)  [(1, 4, 6, 5, 2, 3), (2, 6, 5, 7, 8, 3)]
                         407  (1, 4, 6, 2, 5, 3)  [(1, 4, 6, 2, 5, 3), (2, 6, 5, 7, 8, 3)]
                         408  (1, 4, 6, 2, 3, 5)  [(1, 4, 6, 2, 3, 5), (2, 6, 5, 7, 8, 3)]
                         409  (1, 4, 2, 6, 5, 3)  [(1, 4, 2, 6, 5, 3), (2, 6, 5, 7, 8, 3)]
                         410  (1, 4, 2, 6, 3, 5)  [(1, 4, 2, 6, 3, 5), (2, 6, 5, 7, 8, 3)]
                         411  (1, 4, 2, 3, 6, 5)  [(1, 4, 2, 3, 6, 5), (2, 6, 5, 7, 8, 3)]
                         412  (1, 6, 5, 2, 3, 4)  [(1, 6, 5, 2, 3, 4), (2, 6, 5, 8, 7, 3)]
                         413  (1, 6, 2, 5, 3, 4)  [(1, 6, 2, 5, 3, 4), (2, 6, 5, 8, 7, 3)]
                         414  (1, 6, 2, 3, 5, 4)  [(1, 6, 2, 3, 5, 4), (2, 6, 5, 8, 7, 3)]
                         415  (1, 6, 2, 3, 4, 5)  [(1, 6, 2, 3, 4, 5), (2, 6, 8, 5, 7, 3)]
                         416  (1, 2, 6, 5, 3, 4)  [(1, 2, 6, 5, 3, 4), (2, 6, 5, 8, 7, 3)]
                         417  (1, 2, 6, 3, 5, 4)  [(1, 2, 6, 3, 5, 4), (2, 6, 5, 8, 7, 3)]
                         418  (1, 2, 6, 3, 4, 5)  [(1, 2, 6, 3, 4, 5), (2, 6, 8, 5, 7, 3)]
                         419  (1, 2, 3, 6, 5, 4)  [(1, 2, 3, 6, 5, 4), (2, 6, 5, 8, 7, 3)]
                         420  (1, 2, 3, 6, 4, 5)  [(1, 2, 3, 6, 4, 5), (2, 6, 8, 5, 7, 3)]
                         421  (1, 2, 3, 4, 6, 5)  [(1, 2, 3, 4, 6, 5), (2, 8, 6, 5, 7, 3)]
                         422  (1, 4, 5, 6, 3, 2)  [(1, 4, 5, 6, 3, 2), (2, 5, 6, 3, 7, 8)]
                         423  (1, 4, 5, 3, 6, 2)  [(1, 4, 5, 3, 6, 2), (2, 5, 6, 3, 7, 8)]
                         424  (1, 4, 3, 5, 6, 2)  [(1, 4, 3, 5, 6, 2), (2, 5, 6, 3, 7, 8)]
                         425  (1, 4, 5, 6, 3, 2)  [(1, 4, 5, 6, 3, 2), (2, 5, 3, 6, 7, 8)]
                         426  (1, 4, 5, 3, 6, 2)  [(1, 4, 5, 3, 6, 2), (2, 5, 3, 6, 7, 8)]
                         427  (1, 4, 3, 5, 6, 2)  [(1, 4, 3, 5, 6, 2), (2, 5, 3, 6, 7, 8)]
                         428  (1, 4, 5, 6, 3, 2)  [(1, 4, 5, 6, 3, 2), (2, 3, 5, 6, 7, 8)]
                         429  (1, 4, 5, 3, 6, 2)  [(1, 4, 5, 3, 6, 2), (2, 3, 5, 6, 7, 8)]
                         430  (1, 4, 3, 5, 6, 2)  [(1, 4, 3, 5, 6, 2), (2, 3, 5, 6, 7, 8)]
                         431  (1, 4, 5, 3, 2, 6)  [(1, 4, 5, 3, 2, 6), (2, 5, 6, 3, 7, 8)]
                         432  (1, 4, 3, 5, 2, 6)  [(1, 4, 3, 5, 2, 6), (2, 5, 6, 3, 7, 8)]
                         433  (1, 4, 5, 3, 2, 6)  [(1, 4, 5, 3, 2, 6), (2, 5, 3, 6, 7, 8)]
                         434  (1, 4, 3, 5, 2, 6)  [(1, 4, 3, 5, 2, 6), (2, 5, 3, 6, 7, 8)]
                         435  (1, 4, 5, 3, 2, 6)  [(1, 4, 5, 3, 2, 6), (2, 3, 5, 6, 7, 8)]
                         436  (1, 4, 3, 5, 2, 6)  [(1, 4, 3, 5, 2, 6), (2, 3, 5, 6, 7, 8)]
                         437  (1, 4, 3, 2, 5, 6)  [(1, 4, 3, 2, 5, 6), (2, 5, 6, 3, 7, 8)]
                         438  (1, 4, 3, 2, 5, 6)  [(1, 4, 3, 2, 5, 6), (2, 5, 3, 6, 7, 8)]
                         439  (1, 4, 3, 2, 5, 6)  [(1, 4, 3, 2, 5, 6), (2, 3, 5, 6, 7, 8)]
                         440  (1, 3, 4, 5, 6, 2)  [(1, 3, 4, 5, 6, 2), (2, 5, 6, 7, 3, 8)]
                         441  (1, 3, 4, 5, 2, 6)  [(1, 3, 4, 5, 2, 6), (2, 5, 6, 7, 3, 8)]
                         442  (1, 3, 4, 2, 5, 6)  [(1, 3, 4, 2, 5, 6), (2, 5, 6, 7, 3, 8)]
                         443  (1, 5, 6, 3, 2, 4)  [(1, 5, 6, 3, 2, 4), (2, 5, 6, 3, 8, 7)]
                         444  (1, 5, 3, 6, 2, 4)  [(1, 5, 3, 6, 2, 4), (2, 5, 6, 3, 8, 7)]
                         445  (1, 3, 5, 6, 2, 4)  [(1, 3, 5, 6, 2, 4), (2, 5, 6, 3, 8, 7)]
                         446  (1, 5, 6, 3, 2, 4)  [(1, 5, 6, 3, 2, 4), (2, 5, 3, 6, 8, 7)]
                         447  (1, 5, 3, 6, 2, 4)  [(1, 5, 3, 6, 2, 4), (2, 5, 3, 6, 8, 7)]
                         448  (1, 3, 5, 6, 2, 4)  [(1, 3, 5, 6, 2, 4), (2, 5, 3, 6, 8, 7)]
                         449  (1, 5, 6, 3, 2, 4)  [(1, 5, 6, 3, 2, 4), (2, 3, 5, 6, 8, 7)]
                         450  (1, 5, 3, 6, 2, 4)  [(1, 5, 3, 6, 2, 4), (2, 3, 5, 6, 8, 7)]
                         451  (1, 3, 5, 6, 2, 4)  [(1, 3, 5, 6, 2, 4), (2, 3, 5, 6, 8, 7)]
                         452  (1, 5, 3, 2, 6, 4)  [(1, 5, 3, 2, 6, 4), (2, 5, 6, 3, 8, 7)]
                         453  (1, 3, 5, 2, 6, 4)  [(1, 3, 5, 2, 6, 4), (2, 5, 6, 3, 8, 7)]
                         454  (1, 5, 3, 2, 6, 4)  [(1, 5, 3, 2, 6, 4), (2, 5, 3, 6, 8, 7)]
                         455  (1, 5, 3, 2, 4, 6)  [(1, 5, 3, 2, 4, 6), (2, 5, 3, 8, 6, 7)]
                         456  (1, 3, 5, 2, 6, 4)  [(1, 3, 5, 2, 6, 4), (2, 5, 3, 6, 8, 7)]
                         457  (1, 3, 5, 2, 4, 6)  [(1, 3, 5, 2, 4, 6), (2, 5, 3, 8, 6, 7)]
                         458  (1, 5, 3, 2, 6, 4)  [(1, 5, 3, 2, 6, 4), (2, 3, 5, 6, 8, 7)]
                         459  (1, 5, 3, 2, 4, 6)  [(1, 5, 3, 2, 4, 6), (2, 3, 5, 8, 6, 7)]
                         460  (1, 3, 5, 2, 6, 4)  [(1, 3, 5, 2, 6, 4), (2, 3, 5, 6, 8, 7)]
                         461  (1, 3, 5, 2, 4, 6)  [(1, 3, 5, 2, 4, 6), (2, 3, 5, 8, 6, 7)]
                         462  (1, 3, 2, 5, 6, 4)  [(1, 3, 2, 5, 6, 4), (2, 5, 6, 3, 8, 7)]
                         463  (1, 3, 2, 5, 6, 4)  [(1, 3, 2, 5, 6, 4), (2, 5, 3, 6, 8, 7)]
                         464  (1, 3, 2, 5, 4, 6)  [(1, 3, 2, 5, 4, 6), (2, 5, 3, 8, 6, 7)]
                         465  (1, 3, 2, 5, 6, 4)  [(1, 3, 2, 5, 6, 4), (2, 3, 5, 6, 8, 7)]
                         466  (1, 3, 2, 5, 4, 6)  [(1, 3, 2, 5, 4, 6), (2, 3, 5, 8, 6, 7)]
                         467  (1, 3, 2, 4, 5, 6)  [(1, 3, 2, 4, 5, 6), (2, 3, 8, 5, 6, 7)]
                         468  (1, 5, 6, 2, 4, 3)  [(1, 5, 6, 2, 4, 3), (2, 5, 6, 8, 3, 7)]
                         469  (1, 5, 2, 6, 4, 3)  [(1, 5, 2, 6, 4, 3), (2, 5, 6, 8, 3, 7)]
                         470  (1, 5, 2, 4, 6, 3)  [(1, 5, 2, 4, 6, 3), (2, 5, 8, 6, 3, 7)]
                         471  (1, 5, 2, 4, 3, 6)  [(1, 5, 2, 4, 3, 6), (2, 5, 8, 6, 3, 7)]
                         472  (1, 5, 2, 4, 6, 3)  [(1, 5, 2, 4, 6, 3), (2, 5, 8, 3, 6, 7)]
                         473  (1, 5, 2, 4, 3, 6)  [(1, 5, 2, 4, 3, 6), (2, 5, 8, 3, 6, 7)]
                         474  (1, 2, 5, 6, 4, 3)  [(1, 2, 5, 6, 4, 3), (2, 5, 6, 8, 3, 7)]
                         475  (1, 2, 5, 4, 6, 3)  [(1, 2, 5, 4, 6, 3), (2, 5, 8, 6, 3, 7)]
                         476  (1, 2, 4, 5, 6, 3)  [(1, 2, 4, 5, 6, 3), (2, 8, 5, 6, 3, 7)]
                         477  (1, 2, 5, 4, 3, 6)  [(1, 2, 5, 4, 3, 6), (2, 5, 8, 6, 3, 7)]
                         478  (1, 2, 4, 5, 3, 6)  [(1, 2, 4, 5, 3, 6), (2, 8, 5, 6, 3, 7)]
                         479  (1, 2, 4, 3, 5, 6)  [(1, 2, 4, 3, 5, 6), (2, 8, 5, 6, 3, 7)]
                         480  (1, 2, 5, 4, 6, 3)  [(1, 2, 5, 4, 6, 3), (2, 5, 8, 3, 6, 7)]
                         481  (1, 2, 4, 5, 6, 3)  [(1, 2, 4, 5, 6, 3), (2, 8, 5, 3, 6, 7)]
                         482  (1, 2, 5, 4, 3, 6)  [(1, 2, 5, 4, 3, 6), (2, 5, 8, 3, 6, 7)]
                         483  (1, 2, 4, 5, 3, 6)  [(1, 2, 4, 5, 3, 6), (2, 8, 5, 3, 6, 7)]
                         484  (1, 2, 4, 3, 5, 6)  [(1, 2, 4, 3, 5, 6), (2, 8, 5, 3, 6, 7)]
                         485  (1, 2, 4, 5, 6, 3)  [(1, 2, 4, 5, 6, 3), (2, 8, 3, 5, 6, 7)]
                         486  (1, 2, 4, 5, 3, 6)  [(1, 2, 4, 5, 3, 6), (2, 8, 3, 5, 6, 7)]
                         487  (1, 2, 4, 3, 5, 6)  [(1, 2, 4, 3, 5, 6), (2, 8, 3, 5, 6, 7)]
                         488  (1, 4, 5, 6, 2, 3)  [(1, 4, 5, 6, 2, 3), (2, 5, 6, 7, 8, 3)]
                         489  (1, 4, 5, 2, 6, 3)  [(1, 4, 5, 2, 6, 3), (2, 5, 6, 7, 8, 3)]
                         490  (1, 4, 5, 2, 3, 6)  [(1, 4, 5, 2, 3, 6), (2, 5, 6, 7, 8, 3)]
                         491  (1, 4, 2, 5, 6, 3)  [(1, 4, 2, 5, 6, 3), (2, 5, 6, 7, 8, 3)]
                         492  (1, 4, 2, 5, 3, 6)  [(1, 4, 2, 5, 3, 6), (2, 5, 6, 7, 8, 3)]
                         493  (1, 4, 2, 3, 5, 6)  [(1, 4, 2, 3, 5, 6), (2, 5, 6, 7, 8, 3)]
                         494  (1, 5, 6, 2, 3, 4)  [(1, 5, 6, 2, 3, 4), (2, 5, 6, 8, 7, 3)]
                         495  (1, 5, 2, 6, 3, 4)  [(1, 5, 2, 6, 3, 4), (2, 5, 6, 8, 7, 3)]
                         496  (1, 5, 2, 3, 6, 4)  [(1, 5, 2, 3, 6, 4), (2, 5, 6, 8, 7, 3)]
                         497  (1, 5, 2, 3, 4, 6)  [(1, 5, 2, 3, 4, 6), (2, 5, 8, 6, 7, 3)]
                         498  (1, 2, 5, 6, 3, 4)  [(1, 2, 5, 6, 3, 4), (2, 5, 6, 8, 7, 3)]
                         499  (1, 2, 5, 3, 6, 4)  [(1, 2, 5, 3, 6, 4), (2, 5, 6, 8, 7, 3)]
                         500  (1, 2, 5, 3, 4, 6)  [(1, 2, 5, 3, 4, 6), (2, 5, 8, 6, 7, 3)]
                         501  (1, 2, 3, 5, 6, 4)  [(1, 2, 3, 5, 6, 4), (2, 5, 6, 8, 7, 3)]
                         502  (1, 2, 3, 5, 4, 6)  [(1, 2, 3, 5, 4, 6), (2, 5, 8, 6, 7, 3)]
                         503  (1, 2, 3, 4, 5, 6)  [(1, 2, 3, 4, 5, 6), (2, 8, 5, 6, 7, 3)]
