Consider the collection of all stability conditions for G.

Graph G:
[('0', '1', 'e1'), ('0', '4', 'e5'), ('1', '2', 'e2'), ('2', '3', 'e3'), ('3', '4', 'e4')] 

Subgraphs with maximal necklace:
1. [('0', '1', 'e1'), ('0', '4', 'e5'), ('1', '2', 'e2'), ('2', '3', 'e3'), ('3', '4', 'e4')]


We study the extensions of a fixed a cycle on the first subgraph (1.).
The order of cycles will correspond to the order of subgraphs given above.


Here is a summary of the cycles on the fixed subgraph 

Fixed cycle        count
---------------  -------
(1, 2, 3, 4, 5)        1
(1, 2, 3, 5, 4)        1
(1, 2, 4, 3, 5)        1
(1, 2, 4, 5, 3)        1
(1, 2, 5, 3, 4)        1
(1, 2, 5, 4, 3)        1
(1, 3, 2, 4, 5)        1
(1, 3, 2, 5, 4)        1
(1, 3, 4, 2, 5)        1
(1, 3, 4, 5, 2)        1
(1, 3, 5, 2, 4)        1
(1, 3, 5, 4, 2)        1
(1, 4, 2, 3, 5)        1
(1, 4, 2, 5, 3)        1
(1, 4, 3, 2, 5)        1
(1, 4, 3, 5, 2)        1
(1, 4, 5, 2, 3)        1
(1, 4, 5, 3, 2)        1
(1, 5, 2, 3, 4)        1
(1, 5, 2, 4, 3)        1
(1, 5, 3, 2, 4)        1
(1, 5, 3, 4, 2)        1
(1, 5, 4, 2, 3)        1
(1, 5, 4, 3, 2)        1


Here is the data of all stabilty conditions, of cycles on the fixed subgraph 

  Stability condition number  Fixed cycle      List of cycles for subgraphs in order
----------------------------  ---------------  ---------------------------------------
                           0  (1, 5, 4, 3, 2)  [(1, 5, 4, 3, 2)]
                           1  (1, 5, 4, 2, 3)  [(1, 5, 4, 2, 3)]
                           2  (1, 5, 3, 4, 2)  [(1, 5, 3, 4, 2)]
                           3  (1, 5, 3, 2, 4)  [(1, 5, 3, 2, 4)]
                           4  (1, 5, 2, 4, 3)  [(1, 5, 2, 4, 3)]
                           5  (1, 5, 2, 3, 4)  [(1, 5, 2, 3, 4)]
                           6  (1, 4, 5, 3, 2)  [(1, 4, 5, 3, 2)]
                           7  (1, 4, 5, 2, 3)  [(1, 4, 5, 2, 3)]
                           8  (1, 4, 3, 5, 2)  [(1, 4, 3, 5, 2)]
                           9  (1, 4, 3, 2, 5)  [(1, 4, 3, 2, 5)]
                          10  (1, 4, 2, 5, 3)  [(1, 4, 2, 5, 3)]
                          11  (1, 4, 2, 3, 5)  [(1, 4, 2, 3, 5)]
                          12  (1, 3, 5, 4, 2)  [(1, 3, 5, 4, 2)]
                          13  (1, 3, 5, 2, 4)  [(1, 3, 5, 2, 4)]
                          14  (1, 3, 4, 5, 2)  [(1, 3, 4, 5, 2)]
                          15  (1, 3, 4, 2, 5)  [(1, 3, 4, 2, 5)]
                          16  (1, 3, 2, 5, 4)  [(1, 3, 2, 5, 4)]
                          17  (1, 3, 2, 4, 5)  [(1, 3, 2, 4, 5)]
                          18  (1, 2, 5, 4, 3)  [(1, 2, 5, 4, 3)]
                          19  (1, 2, 5, 3, 4)  [(1, 2, 5, 3, 4)]
                          20  (1, 2, 4, 5, 3)  [(1, 2, 4, 5, 3)]
                          21  (1, 2, 4, 3, 5)  [(1, 2, 4, 3, 5)]
                          22  (1, 2, 3, 5, 4)  [(1, 2, 3, 5, 4)]
                          23  (1, 2, 3, 4, 5)  [(1, 2, 3, 4, 5)]
