Cycle: (1, 2, 3, 4)


Assignment: (tree,assignment)
(1, array([0., 0., 0., 0.]))
(2, array([0., 0., 0., 0.]))
(3, array([0., 0., 0., 0.]))
(4, array([0., 0., 0., 0.]))
(5, array([0., 0., 0., 0.]))
(6, array([0., 0., 0., 0.]))
(7, array([0., 0., 0., 0.]))
(8, array([0., 0., 0., 0.]))


Line bundle multidegrees:
[0. 0. 0. 2.]
[0. 0. 1. 1.]
[0. 1. 0. 1.]
[0. 1. 1. 0.]
[0. 2. 0. 0.]
[1. 0. 0. 1.]
[1. 0. 1. 0.]
[1. 1. 0. 0.]


Associated subcycles for subgraphs taken [[2, 6, 8], [3, 5, 7]]
----------------------------------------- 

Cycle: (1, 2, 4, 3)


Assignment: (tree,assignment)
(1, array([0., 0., 0., 0.]))
(2, array([0., 0., 0., 0.]))
(3, array([ 1.,  0.,  0., -1.]))
(4, array([ 0.,  0.,  1., -1.]))
(5, array([ 0.,  1.,  0., -1.]))
(6, array([0., 0., 0., 0.]))
(7, array([0., 0., 0., 0.]))
(8, array([0., 0., 0., 0.]))


Line bundle multidegrees:
[0. 0. 1. 1.]
[0. 1. 0. 1.]
[0. 1. 1. 0.]
[0. 2. 0. 0.]
[1. 0. 0. 1.]
[1. 0. 1. 0.]
[1. 1. 0. 0.]
[ 1.  1.  1. -1.]


Associated subcycles for subgraphs taken [[2, 6, 8], [3, 7, 5]]
----------------------------------------- 

Cycle: (1, 3, 2, 4)


Assignment: (tree,assignment)
(1, array([0., 0., 0., 0.]))
(2, array([ 0.,  0., -1.,  1.]))
(3, array([ 0.,  1., -1.,  0.]))
(4, array([0., 0., 0., 0.]))
(5, array([ 0.,  1., -1.,  0.]))
(6, array([ 0.,  0., -1.,  1.]))
(7, array([ 0.,  1., -1.,  0.]))
(8, array([ 0.,  0., -1.,  1.]))


Line bundle multidegrees:
[0. 0. 0. 2.]
[ 0.  1. -1.  2.]
[0. 1. 0. 1.]
[ 0.  2. -1.  1.]
[0. 2. 0. 0.]
[1. 0. 0. 1.]
[ 1.  1. -1.  1.]
[1. 1. 0. 0.]


Associated subcycles for subgraphs taken [[2, 6, 8], [3, 5, 7]]
----------------------------------------- 

Cycle: (1, 3, 4, 2)


Assignment: (tree,assignment)
(1, array([0., 0., 0., 0.]))
(2, array([ 1.,  0., -1.,  0.]))
(3, array([ 0.,  1., -1.,  0.]))
(4, array([ 0.,  1., -1.,  0.]))
(5, array([ 0.,  1., -1.,  0.]))
(6, array([ 0.,  1., -1.,  0.]))
(7, array([ 0.,  1., -1.,  0.]))
(8, array([ 0.,  0., -1.,  1.]))


Line bundle multidegrees:
[ 0.  1. -1.  2.]
[0. 1. 0. 1.]
[ 0.  2. -1.  1.]
[0. 2. 0. 0.]
[1. 0. 0. 1.]
[ 1.  1. -1.  1.]
[1. 1. 0. 0.]
[ 1.  2. -1.  0.]


Associated subcycles for subgraphs taken [[2, 8, 6], [3, 5, 7]]
----------------------------------------- 

Cycle: (1, 4, 2, 3)


Assignment: (tree,assignment)
(1, array([0., 0., 0., 0.]))
(2, array([ 1.,  0.,  0., -1.]))
(3, array([ 1.,  0.,  0., -1.]))
(4, array([ 0.,  1.,  0., -1.]))
(5, array([ 0.,  1.,  0., -1.]))
(6, array([ 0.,  1.,  0., -1.]))
(7, array([0., 0., 0., 0.]))
(8, array([0., 0., 0., 0.]))


Line bundle multidegrees:
[0. 1. 0. 1.]
[0. 1. 1. 0.]
[0. 2. 0. 0.]
[1. 0. 0. 1.]
[1. 0. 1. 0.]
[1. 1. 0. 0.]
[ 1.  1.  1. -1.]
[ 1.  2.  0. -1.]


Associated subcycles for subgraphs taken [[2, 8, 6], [3, 7, 5]]
----------------------------------------- 

Cycle: (1, 4, 3, 2)


Assignment: (tree,assignment)
(1, array([0., 0., 0., 0.]))
(2, array([ 1.,  0., -1.,  0.]))
(3, array([ 1.,  1., -1., -1.]))
(4, array([ 0.,  1.,  0., -1.]))
(5, array([ 0.,  2., -1., -1.]))
(6, array([ 0.,  1., -1.,  0.]))
(7, array([ 0.,  1., -1.,  0.]))
(8, array([ 0.,  0., -1.,  1.]))


Line bundle multidegrees:
[0. 1. 0. 1.]
[ 0.  2. -1.  1.]
[0. 2. 0. 0.]
[1. 0. 0. 1.]
[ 1.  1. -1.  1.]
[1. 1. 0. 0.]
[ 1.  2. -1.  0.]
[ 1.  2.  0. -1.]


Associated subcycles for subgraphs taken [[2, 8, 6], [3, 7, 5]]
----------------------------------------- 